Number of Haplotypes 26
2   RID.0 4  00 7 0 
2   RID.1 4  11 4 1 
2   RID.2 16  01100 16 01100 
2   RID.3 16  1001 14 11 
2   RID.4 14  11 19 10 
2   RID.5 19  10 19 00 
2   RID.6 14  00 16 0001 
2   RID.7 1  11 4 1 
2   RID.8 20  0 22 1 
1   RID.9 4  0 
2   RID.10 16  1001 15 1 
1   RID.11 4  00 
2   RID.12 14  11 16 11100 
2   RID.13 16  10010 14 0 
2   RID.14 21  0 16 0001 
2   RID.15 16  01100 15 0 
2   RID.16 16  00001 20 1 
2   RID.17 1  111 4 10 
2   RID.18 16  1001 21 1 
2   RID.19 16  110 19 00 
2   RID.20 16  10010 14 00 
1   RID.21 4  0 
2   RID.22 4  0 4 00 
2   RID.23 20  0 16 0001 
2   RID.24 14  00 16 0001 
1   RID.25 22  1101 
2   RID.26 14  00 17 0010 
2   RID.27 4  0 4 000 
2   RID.28 16  1001 23 101 
2   RID.29 16  110 16 0001 
2   RID.30 16  110 23 001 
2   RID.31 21  1 15 1 
2   RID.32 14  00 20 01 
2   RID.33 14  0 16 1011 
2   RID.34 14  00 17 0010 
1   RID.35 4  1 
2   RID.36 16  0000 14 0 
2   RID.37 7  1 4 00 
2   RID.38 6  0 5 00 
2   RID.39 4  000 7 00 
1   RID.40 4  110 
2   RID.41 16  110 26 0 
2   RID.42 16  11111 14 11 
2   RID.43 17  0001 15 1 
2   RID.44 16  1001 22 1101 
2   RID.45 21  01 16 1 
1   RID.46 6  0 
2   RID.47 14  00 19 00 
2   RID.48 21  1 16 010 
2   RID.49 15  1 16 0001 
1   RID.50 4  000 
2   RID.51 14  00 17 0010 
1   RID.52 6 0 
2   RID.53 22  110 20 0 
2   RID.54 4  11 4 11 
2   RID.55 14  0 16 1011 
1   RID.56 4 100 
2   RID.57 16  1001 21 1 
1   RID.58 2 11 
2   RID.59 4  000 2 01 
2   RID.60 1  111 4 10 
2   RID.61 16  1001 21 1 
2   RID.62 22  000 17 0100 
2   RID.63 26  0 18 010 
2   RID.64 25  01 21 1 
2   RID.65 17  0001 20 1 
2   RID.66 18  010 16 0001 
2   RID.67 12  11 4 111 
1   RID.68 4  11 
2   RID.69 16  10010 22 0101 
2   RID.70 21  1 18 101 
1   RID.71 19  00 
2   RID.72 15  1 19 00 
2   RID.73 16  1 22 0101 
1   RID.74 6  0 
2   RID.75 21  0 15 1 
2   RID.76 4  000 5 00 
2   RID.77 14  11 19 10 
1   RID.78 5  00 
1   RID.79 20  01 
2   RID.80 16  1001 21 1 
2   RID.81 20  0 22 1101 
1   RID.82 5  00 
1   RID.83 4  11 
2   RID.84 14  1 16 1001 
2   RID.85 23  000 16 0001 
1   RID.86 20 1 
2   RID.87 16  11 21 1 
2   RID.88 21  01 16 1 
2   RID.89 26  0 18 110 
2   RID.90 16  1001 16 1001 
2   RID.91 17  0001 15 1 
1   RID.92 4  1 
2   RID.93 15  0 19 10 
2   RID.94 15  1 16 01100 
2   RID.95 14  1 16 01100 
2   RID.96 21  0 15 0 
2   RID.97 16  11111 14 1 
2   RID.98 21  1 16 10001 
2   RID.99 16  1001 18 101 
1   RID.100 21  0 
2   RID.101 4  00 1 1 
2   RID.102 4  00 4 00 
2   RID.103 15  0 16 010 
2   RID.104 16  1010 16 00010 
2   RID.105 20  01 14 10 
2   RID.106 23  101 15 1 
2   RID.107 8  0 4 101 
2   RID.108 22  1100 16 00001 
2   RID.109 20  11 16 110 
2   RID.110 14  1 16 01100 
1   RID.111 16  10010 
1   RID.112 5 00 
2   RID.113 16  01100 16 010 
2   RID.114 3  0 5 00 
1   RID.115 16  1001 
2   RID.116 16  1 21 11 
2   RID.117 16  10010 21 01 
1   RID.118 5 10 
2   RID.119 4  00 3 0 
2   RID.120 16  1001 15 1 
2   RID.121 20  00 16 0001 
1   RID.122 4  110 
1   RID.123 6  0 
2   RID.124 15  0 21 01 
2   RID.125 4  00 4 000 
1   RID.126 16  1001 
2   RID.127 20  0 23 100 
2   RID.128 16  10010 16 0001 
2   RID.129 14  00 20 01 
2   RID.130 16  1001 17 1001 
1   RID.131 20  1 
2   RID.132 16  10010 16 010 
1   RID.133 4 01 
2   RID.134 16  110 16 0001 
1   RID.135 4 10 
2   RID.136 15  1 16 0111 
2   RID.137 17  0001 14 10 
2   RID.138 20  1 15 0 
2   RID.139 19  00 18 000 
2   RID.140 18  010 16 0001 
2   RID.141 4  000 2 01 
2   RID.142 4  000 5 00 
2   RID.143 21  1 16 0001 
1   RID.144 6 1 
2   RID.145 4  000 4 00 
2   RID.146 1  11 4 1 
2   RID.147 16  1001 15 1 
2   RID.148 14  00 20 01 
2   RID.149 17  1100 15 0 
2   RID.150 23  000 19 00 
2   RID.151 17  0001 15 1 
1   RID.152 4 10 
2   RID.153 17  1111 15 1 
1   RID.154 4 10 
