Number of Haplotypes 32
2   RID.0 24  1101 29 101 
2   RID.1 1  11 10 11 
2   RID.2 25  0101 22 10 
2   RID.3 8  01 10 10 
2   RID.4 25  0101 23 11 
2   RID.5 23  10 24 0100 
2   RID.6 5  0000 10 00 
1   RID.7 12  1 
1   RID.8 9 0 
2   RID.9 24  1101 30 11 
2   RID.10 23  0 22 10 
2   RID.11 24  01 24 11001 
2   RID.12 10  00 8 01 
2   RID.13 10  00 4 0000 
2   RID.14 23  0 19 0000 
2   RID.15 10  10 10 00 
2   RID.16 22  00 30 010 
2   RID.17 24  0100 23 0 
2   RID.18 18  0 24 0100 
2   RID.19 22  1 26 0011 
2   RID.20 10  00 13 000 
2   RID.21 16  0 10 00 
2   RID.22 9  1 1 100 
2   RID.23 21  11 23 1 
2   RID.24 1  111 10 10 
2   RID.25 24  1010 23 01 
2   RID.26 29  100 20 011 
2   RID.27 3  11111 12 1 
2   RID.28 25  1001 24 11 
2   RID.29 22  0 25 11111 
2   RID.30 10  11 9 1 
2   RID.31 24  1111 24 11001 
2   RID.32 18  0 23 1 
2   RID.33 28  11 20 111 
2   RID.34 22  1 24 11001 
2   RID.35 22  00 23 0 
2   RID.36 28  11 20 111 
2   RID.37 10  00 9 0 
2   RID.38 23  10 24 0100 
2   RID.39 24  0100 21 01 
1   RID.40 3  11111 
2   RID.41 4  00000 10 00 
2   RID.42 22  11 24 11001 
1   RID.43 9 1 
2   RID.44 16  1 16 1 
2   RID.45 3  111 10 10 
2   RID.46 24  01001 23 1 
2   RID.47 10  01 13 1111 
2   RID.48 23  1 29 10 
2   RID.49 3  11 10 10 
2   RID.50 23  10 24 0100 
2   RID.51 22  00 29 011 
2   RID.52 23  1 24 1100 
2   RID.53 10  1 12 0 
2   RID.54 24  0100 29 000 
2   RID.55 24  01001 24 1100 
2   RID.56 19  1111 31 10 
2   RID.57 24  0100 23 00 
2   RID.58 22  0 24 00101 
2   RID.59 23  01 24 1101 
2   RID.60 10  00 9 0 
2   RID.61 19  0000 26 0100 
2   RID.62 23  10 23 00 
2   RID.63 19  0000 23 01 
2   RID.64 25  1011 24 1101 
2   RID.65 5  0000 9 0 
2   RID.66 20  110 23 00 
2   RID.67 18  01 25 10011 
2   RID.68 10  00 9 0 
2   RID.69 12  0 3 01111 
2   RID.70 28  110 24 0100 
2   RID.71 23  01 25 1011 
2   RID.72 23  0 18 1110 
1   RID.73 10  11 
2   RID.74 26  1011 24 1010 
2   RID.75 22  00 28 01 
2   RID.76 23  10 30 000 
2   RID.77 29  10 22 01 
2   RID.78 32  1 24 1010 
2   RID.79 9  0 10 00 
2   RID.80 22  00 28 01 
2   RID.81 12  0 3 11111 
1   RID.82 10  0 
2   RID.83 23  10 30 00 
2   RID.84 9  1 10 00 
2   RID.85 18  011 24 11011 
2   RID.86 10  10 10 00 
2   RID.87 24  11011 23 11 
2   RID.88 25  11111 23 1 
2   RID.89 24  1 22 1 
2   RID.90 24  0100 23 0 
1   RID.91 7 011 
2   RID.92 29  10 23 00 
2   RID.93 20  111 30 100 
2   RID.94 7  111 9 1 
2   RID.95 24  0100 26 0011 
2   RID.96 30  11 23 11 
1   RID.97 23  0 
2   RID.98 24  10101 24 1 
2   RID.99 18  111 28 11 
2   RID.100 9  1 10 10 
2   RID.101 9  1 12 0 
2   RID.102 18  0110 24 0101 
2   RID.103 31  00 31 00 
2   RID.104 23  01 23 1 
2   RID.105 24  1010 23 0 
2   RID.106 24  1101 23 1 
2   RID.107 18  0110 25 0101 
2   RID.108 24  1010 22 0 
2   RID.109 19  000 24 00101 
2   RID.110 10  00 10 00 
2   RID.111 10  01 13 1111 
2   RID.112 18  011 24 11011 
2   RID.113 20  000 24 0101 
2   RID.114 18  0 28 111 
2   RID.115 23  0 23 11 
2   RID.116 28  11 22 1 
2   RID.117 5  11100 10 00 
2   RID.118 24  1101 23 11 
2   RID.119 23  10 29 00 
2   RID.120 25  11111 23 1 
2   RID.121 10  10 10 00 
2   RID.122 10  10 1 11 
2   RID.123 24  1010 26 0011 
2   RID.124 23  1 24 11001 
2   RID.125 9  1 2 10 
2   RID.126 23  1 23 0 
2   RID.127 10  10 4 01110 
2   RID.128 30  00 23 0 
2   RID.129 24  0100 20 011 
2   RID.130 24  10101 23 11 
2   RID.131 10  00 10 0 
2   RID.132 22  00 30 010 
2   RID.133 24  01001 19 1111 
2   RID.134 22  0 23 11 
2   RID.135 23  10 19 011 
2   RID.136 23  1 24 11001 
2   RID.137 24  0100 24 0 
2   RID.138 10  00 1 00 
2   RID.139 23  10 25 0001 
2   RID.140 22  11 29 10 
2   RID.141 10  00 10 00 
2   RID.142 9  1 9 0 
2   RID.143 19  0000 23 01 
2   RID.144 23  10 22 0 
2   RID.145 23  1 24 01001 
2   RID.146 19  0000 25 01111 
2   RID.147 23  1 22 1 
2   RID.148 23  10 29 000 
2   RID.149 2  11 9 1 
2   RID.150 16  1 10 11 
2   RID.151 12  1111 9 1 
2   RID.152 20  110 23 00 
2   RID.153 10  11 16 1 
2   RID.154 5  1110 10 01 
2   RID.155 9  1 10 11 
2   RID.156 18  01 24 11001 
2   RID.157 9  1 9 1 
2   RID.158 30  000 20 011 
2   RID.159 24  1101 23 1 
2   RID.160 18  0111 23 10 
2   RID.161 20  111 28 110 
2   RID.162 20  110 24 01001 
2   RID.163 3  111 12 1101 
2   RID.164 3  11111 10 10 
2   RID.165 9  1 3 0 
2   RID.166 18  0111 23 10 
2   RID.167 24  0100 28 010 
2   RID.168 3  1111 10 11 
2   RID.169 5  0000 9 0 
