Number of Haplotypes 32
2   RID.0 11  000 2 0 
2   RID.1 13  00 12 000 
2   RID.2 24  111 19 101011 
2   RID.3 7  001000 18 0000 
2   RID.4 15  0100 12 000 
2   RID.5 14  1101 5 111111 
2   RID.6 14  0000 15 0001 
2   RID.7 5  00100 14 0010 
2   RID.8 18  0011 2 1 
2   RID.9 11  111 15 1010 
1   RID.10 14  0000 
2   RID.11 24  11 19 10101 
2   RID.12 5  11111 11 1000 
2   RID.13 13  11 10 1111 
2   RID.14 24  111 8 101111 
2   RID.15 5  111010 15 0010 
2   RID.16 29  0000 23 00 
2   RID.17 14  0000 15 0001 
2   RID.18 11  0001 11 1111 
1   RID.19 11  111 
2   RID.20 21  0100 29 0000 
2   RID.21 14  0000 8 01000 
2   RID.22 5  001000 11 000 
1   RID.23 15 0100 
2   RID.24 14  0000 5 000010 
2   RID.25 19  000100 13 00000 
2   RID.26 10  0000 2 001 
1   RID.27 8 101111 
2   RID.28 11  000 5 0110 
2   RID.29 2  111 11 100 
2   RID.30 14  0000 25 000 
2   RID.31 14  1101 24 111 
2   RID.32 2  10111 14 1010 
2   RID.33 3  01111 15 1100 
1   RID.34 11  111 
2   RID.35 19  01100 13 0001 
2   RID.36 32  1 23 11 
2   RID.37 13  0000 11 0000 
2   RID.38 11  111 9 11111 
2   RID.39 23  111 19 10101 
2   RID.40 9  10000 5 000010 
2   RID.41 24  0000 24 000 
2   RID.42 11  111 24 1111 
2   RID.43 10  0000 5 001000 
2   RID.44 8  01000 3 01111 
2   RID.45 16  001 8 110000 
2   RID.46 2  01111 14 1101 
2   RID.47 8  101111 3 10100 
2   RID.48 11  0000 5 000010 
2   RID.49 19  10101 11 1111 
2   RID.50 18  01010 24 011 
2   RID.51 14  1101 15 1010 
2   RID.52 12  111 14 1101 
2   RID.53 8  11111 8 11000 
2   RID.54 27  01 18 10110 
2   RID.55 11  0000 14 0010 
2   RID.56 3  01111 25 100 
2   RID.57 29  0000 21 0100 
2   RID.58 14  0010 7 00000 
2   RID.59 11  1111 13 11 
2   RID.60 2  101 7 100000 
2   RID.61 8  101111 19 10101 
2   RID.62 3  01111 10 1000 
2   RID.63 24  000 30 010 
2   RID.64 8  01000 14 0000 
2   RID.65 5  001000 25 000 
2   RID.66 11  0000 10 0000 
2   RID.67 14  0000 15 0001 
2   RID.68 25  111 13 11 
2   RID.69 18  0011 2 1 
2   RID.70 10  0000 14 0010 
2   RID.71 8  01000 24 000 
2   RID.72 2  0 13 00 
2   RID.73 19  01100 11 0000 
2   RID.74 19  110111 8 101111 
2   RID.75 11  1111 19 10101 
2   RID.76 12  111 15 1010 
2   RID.77 23  111 18 11010 
2   RID.78 15  0001 14 1000 
2   RID.79 13  111 14 1101 
2   RID.80 13  1110 8 001111 
2   RID.81 11  000 18 00110 
2   RID.82 13  00 5 00100 
2   RID.83 2  1 8 00000 
2   RID.84 24  000 24 0000 
2   RID.85 18  010 7 0110 
2   RID.86 5  011111 17 10 
2   RID.87 14  0010 5 00100 
2   RID.88 24  000 30 010 
2   RID.89 13  00000 19 000100 
2   RID.90 14  0000 15 0001 
2   RID.91 11  111 25 111 
2   RID.92 17  01 13 1000 
2   RID.93 13  000 14 0000 
2   RID.94 28  01 14 1101 
2   RID.95 15  0101 13 1001 
2   RID.96 13  000 8 00000 
2   RID.97 7  0110 15 0010 
2   RID.98 5  000010 17 01 
2   RID.99 5  11111 11 1000 
2   RID.100 18  10001 8 110000 
2   RID.101 14  0000 5 000010 
2   RID.102 11  000 13 00 
2   RID.103 18  010 8 00111 
2   RID.104 14  00100 7 000000 
2   RID.105 5  11111 11 1000 
1   RID.106 23  10 
2   RID.107 11  000 6 00010 
2   RID.108 23  00 14 0000 
2   RID.109 11  000 11 0000 
2   RID.110 15  0100 5 00100 
2   RID.111 15  1010 11 011 
2   RID.112 23  00 15 0001 
2   RID.113 21  1000 5 001000 
2   RID.114 14  0010 11 0000 
2   RID.115 3  11111 18 11010 
2   RID.116 10  0000 17 01 
2   RID.117 3  01111 15 1100 
2   RID.118 14  1101 5 110110 
2   RID.119 8  01000 11 0000 
2   RID.120 19  10101 5 110110 
2   RID.121 14  0000 5 00001 
2   RID.122 13  00 19 000100 
2   RID.123 2  00111 8 110000 
2   RID.124 5  110110 8 001111 
2   RID.125 5  00100 14 0010 
2   RID.126 17  01 13 10 
2   RID.127 15  0001 14 1000 
