Number of Haplotypes 26
2   RID.0 7  11111110 16 011 
2   RID.1 9  1101110 18 01 
2   RID.2 5  10110 15 0110 
2   RID.3 1  1 18 00 
2   RID.4 13  100011 19 111 
2   RID.5 14  10110 10 0011101 
2   RID.6 9  1101110 22 011 
2   RID.7 7  11111110 14 00011 
2   RID.8 14  01000 19 000 
2   RID.9 20  1110 9 0101100 
2   RID.10 10  10111011 14 10110 
2   RID.11 9  0000001 19 100 
2   RID.12 24  00 26 0 
2   RID.13 18  1 11 0110001 
2   RID.14 14  00011 19 111 
2   RID.15 10  10111011 16 110 
2   RID.16 3  010 19 000 
2   RID.17 19  11110 5 01111111 
2   RID.18 9  00000010 18 0 
2   RID.19 18  1 4 01011 
2   RID.20 15  0011 19 111 
2   RID.21 16  011 7 11110110 
2   RID.22 6  1111101 19 111 
2   RID.23 9  11011000 18 0 
2   RID.24 1  11 18 11 
2   RID.25 13  11011 8 1111011 
2   RID.26 9  00000010 18 0 
2   RID.27 1  00 15 0000 
2   RID.28 14  11111 19 111 
2   RID.29 7  00000000 19 000 
2   RID.30 3  101 18 1 
2   RID.31 13  10001 25 11 
2   RID.32 5  0110111 15 1011 
2   RID.33 22  000 17 00 
2   RID.34 3  101 20 11011 
2   RID.35 15  0011 6 1111111 
2   RID.36 18  0 9 10000010 
2   RID.37 10  00000100 18 0 
2   RID.38 15  1000 2 00 
2   RID.39 25  11 13 10001 
2   RID.40 18  10 15 0011 
2   RID.41 19  0 6 1111101 
2   RID.42 19  011 15 1011 
2   RID.43 19  111 11 1111011 
2   RID.44 19  111 15 1110 
1   RID.45 25  00 
2   RID.46 3  101011 19 111 
2   RID.47 19  00 7 00000000 
2   RID.48 3  10 14 01011 
2   RID.49 18  1 16 111 
2   RID.50 13  00100 21 0000 
2   RID.51 6  1111111 16 111 
2   RID.52 6  1111101 5 1111110 
2   RID.53 16  000 16 000 
2   RID.54 7  11111111 19 111 
2   RID.55 21  0100 5 01111111 
2   RID.56 18  0 19 10000 
2   RID.57 18  1 11 0110001 
2   RID.58 6  11111111 15 1011 
2   RID.59 18  1 4 11011 
2   RID.60 13  00100 3 010 
2   RID.61 5  00101111 19 1 
2   RID.62 3  10 15 0110 
