136
22
2   RID.0 10  01 3 10 
2   RID.1 10  00111 15 1 
2   RID.2 9  0 5 10000 
2   RID.3 10  00111 16 111 
2   RID.4 10  10000 4 000 
2   RID.5 9  0 15 0 
2   RID.6 5  001 10 100 
2   RID.7 10  01000 15 0 
2   RID.8 10  10000 16 001 
2   RID.9 1  10 9 010 
2   RID.10 15  0 5 00101 
2   RID.11 15  0 10 11 
2   RID.12 3  1 9 1 
2   RID.13 10  01000 5 00000 
2   RID.14 10  00000 3 0 
2   RID.15 10  010 4 0 
2   RID.16 7  000 16 00 
2   RID.17 6  1010 10 00111 
2   RID.18 8  00 12 000 
2   RID.19 3  11 12 100 
2   RID.20 4  000 22 0 
2   RID.21 5  000 15 0 
2   RID.22 10  00111 3 1 
2   RID.23 10  01000 15 0 
2   RID.24 10  01000 7 000 
2   RID.25 10  00111 19 1111 
2   RID.26 10  00111 5 1101 
2   RID.27 12  0000 10 00000 
2   RID.28 10  00111 4 111 
2   RID.29 5  00101 10 10 
2   RID.30 4  0 2 0 
2   RID.31 10  01 12 100 
2   RID.32 10  10000 16 001 
2   RID.33 13  000 10 01 
2   RID.34 15  0 9 1 
2   RID.35 12  0000 8 00 
2   RID.36 2  0 10 00 
2   RID.37 4  0 10 00 
1   RID.38 9  100 
2   RID.39 1  10 13 000 
2   RID.40 10  001 5 1011 
2   RID.41 10  00 15 0 
2   RID.42 12  0000 10 00 
2   RID.43 10  01 10 11000 
2   RID.44 10  00 16 01 
2   RID.45 15  0 15 1 
2   RID.46 10  10 10 00 
2   RID.47 3  11 3 10 
2   RID.48 16  00 15 0 
2   RID.49 10  01000 15 0 
2   RID.50 3  0 15 0 
2   RID.51 5  0010 12 000 
2   RID.52 8  10 10 00111 
2   RID.53 8  00 10 01000 
2   RID.54 3  11 10 10 
2   RID.55 9  0 14 00 
2   RID.56 8  01 4 1 
2   RID.57 5  0010 16 00 
2   RID.58 10  00 12 0111 
2   RID.59 10  00 4 011 
2   RID.60 10  00 7 010 
2   RID.61 15  1 4 01 
2   RID.62 15  0 10 1100 
2   RID.63 4  011 10 10111 
2   RID.64 9  00 16 01 
2   RID.65 10  00000 10 00 
2   RID.66 15  1 4 0 
2   RID.67 10  100 15 0 
2   RID.68 12  000 10 01 
2   RID.69 10  000 10 00000 
2   RID.70 12  000 4 000 
2   RID.71 8  00 10 01000 
2   RID.72 15  0 10 01000 
2   RID.73 10  01000 5 0000 
2   RID.74 19  0000 10 00000 
2   RID.75 11  0000 10 00 
2   RID.76 15  0 5 00100 
2   RID.77 18  1 10 00000 
1   RID.78 10 00 
2   RID.79 5  0010 9 0 
2   RID.80 10  00 4 0 
2   RID.81 10  0100 10 01000 
2   RID.82 8  10 9 000 
2   RID.83 6  1010 12 011 
2   RID.84 7  100 12 000 
2   RID.85 10  00 12 0111 
2   RID.86 12  000 4 000 
2   RID.87 3  1 10 00000 
2   RID.88 10  00000 14 00 
2   RID.89 12  0000 10 00000 
2   RID.90 16  111 10 10111 
2   RID.91 10  01 12 1000 
2   RID.92 10  0011 9 100 
2   RID.93 10  00 5 0101 
2   RID.94 9  01 15 1 
2   RID.95 10  00 5 01010 
2   RID.96 5  11000 12 011 
2   RID.97 5  11 12 111 
2   RID.98 10  01000 10 010 
2   RID.99 10  01000 10 01000 
2   RID.100 10  00 10 00 
2   RID.101 10  00 12 0111 
2   RID.102 10  00 15 0 
2   RID.103 10  00000 10 000 
2   RID.104 13  000 11 0000 
2   RID.105 10  10000 12 000 
2   RID.106 15  0 10 000 
2   RID.107 10  1000 12 000 
2   RID.108 10  10 12 000 
2   RID.109 5  1101 10 10111 
2   RID.110 7  010 12 011 
2   RID.111 3  11 10 10 
2   RID.112 4  011 10 10 
2   RID.113 10  00111 10 10 
2   RID.114 10  00111 5 1101 
2   RID.115 10  00111 12 111 
2   RID.116 9  1 4 1 
2   RID.117 15  0 10 100 
2   RID.118 7  101 16 10 
2   RID.119 5  00000 12 000 
2   RID.120 10  0011 10 10111 
2   RID.121 10  100 12 0000 
2   RID.122 6  1010 10 001 
2   RID.123 12  0000 10 00 
2   RID.124 10  00 10 00000 
2   RID.125 1  10 15 0 
2   RID.126 10  01 10 11 
2   RID.127 4  10 16 00 
2   RID.128 10  00000 10 000 
2   RID.129 8  10 10 001 
2   RID.130 10  10000 5 00 
2   RID.131 16  00 7 001 
2   RID.132 16  00 11 0000 
2   RID.133 8  00 12 000 
2   RID.134 5  00100 15 0 
2   RID.135 4  1 8 01 
