221
33
2   RID.0 13  01 21 1100 
1   RID.1 4  011 
1   RID.2 7 110 
1   RID.3 7 010 
1   RID.4 7  00111 
2   RID.5 7  1100 2 01 
1   RID.6 2 1 
2   RID.7 21  0001 25 111 
2   RID.8 4  010 7 00111 
2   RID.9 19  000 15 000 
2   RID.10 26  00001 17 1100 
2   RID.11 21  01001 25 1111 
2   RID.12 24  0110 15 0111 
2   RID.13 2  1 10 11 
1   RID.14 7  0000 
2   RID.15 21  1010 22 010110 
2   RID.16 21  01001 14 100 
1   RID.17 2 0 
2   RID.18 7  000 2 0 
2   RID.19 21  00011 25 111 
2   RID.20 25  110 33 0 
2   RID.21 25  110 13 00 
1   RID.22 7  0 
2   RID.23 12  1 20 00001 
2   RID.24 21  010011 19 10010 
2   RID.25 2  00 7 000 
2   RID.26 17  0000 25 0110 
1   RID.27 2 0 
1   RID.28 8 0000 
2   RID.29 14  000 24 0110 
1   RID.30 4  001 
2   RID.31 21  0001 26 1011 
2   RID.32 21  00001 17 1000 
1   RID.33 3  1111 
2   RID.34 10  00 4 010 
1   RID.35 2  00 
2   RID.36 21  0100 13 01 
1   RID.37 8  1000 
1   RID.38 7 01 
2   RID.39 21  0000 17 0000 
2   RID.40 12  1 19 010 
1   RID.41 8 0000 
2   RID.42 21  01001 25 1111 
2   RID.43 17  0000 17 0110 
1   RID.44 3  0011 
2   RID.45 17  1100 24 0110 
2   RID.46 21  000011 28 101 
1   RID.47 11  1 
1   RID.48 5 10 
1   RID.49 9  111 
2   RID.50 7  110 3 0011 
2   RID.51 7  00111 4 111 
2   RID.52 17  0000 13 00 
2   RID.53 12  1 19 010 
2   RID.54 21  0001 19 110 
2   RID.55 17  0011 19 1100 
2   RID.56 25  110 13 00 
1   RID.57 4  001 
2   RID.58 21  101011 25 110 
2   RID.59 17  0110 17 0000 
1   RID.60 7  0 
2   RID.61 25  110 19 001 
2   RID.62 20  01010 15 000000 
2   RID.63 16  10111 16 11100 
2   RID.64 21  0000 25 010 
1   RID.65 7  00000 
2   RID.66 21  00011 21 10011 
2   RID.67 14  000 21 0000 
2   RID.68 15  010100 15 000000 
1   RID.69 1 0 
1   RID.70 4  000 
2   RID.71 12  0 17 0000 
1   RID.72 4  011 
1   RID.73 3 1000 
2   RID.74 21  0100 22 000110 
2   RID.75 21  0100 13 01 
2   RID.76 14  000 17 0000 
2   RID.77 21  00001 21 10001 
1   RID.78 7  00111 
1   RID.79 7  00001 
2   RID.80 21  0100 19 00010 
1   RID.81 7 01000 
1   RID.82 7 0 
2   RID.83 17  1100 21 0100 
2   RID.84 26  1110 21 00011 
1   RID.85 20 1000 
1   RID.86 10  00 
2   RID.87 17  1100 20 0010 
2   RID.88 21  01001 14 100 
1   RID.89 11  1 
2   RID.90 11  0 2 00 
1   RID.91 7  000 
1   RID.92 1  1 
2   RID.93 20  0010 17 0100 
2   RID.94 21  0001 21 1001 
2   RID.95 14  0110 20 00000 
1   RID.96 2 0 
1   RID.97 2  00 
2   RID.98 21  10101 15 1111 
1   RID.99 20 11010 
2   RID.100 21  00001 23 10110 
2   RID.101 21  0001 21 1111 
2   RID.102 21  0001 21 1111 
1   RID.103 7 10 
2   RID.104 24  0110 21 00001 
2   RID.105 18  100 25 0000 
1   RID.106 7  000 
2   RID.107 1  1 1 0 
2   RID.108 25  110 20 00100 
2   RID.109 24  1111 15 1100 
1   RID.110 4 000 
2   RID.111 17  0000 19 00000 
1   RID.112 4  100 
2   RID.113 21  010011 20 10100 
2   RID.114 19  000 21 01001 
1   RID.115 4 101 
2   RID.116 27  1001 21 1001 
2   RID.117 19  01111 19 10000 
2   RID.118 15  111 21 10101 
2   RID.119 21  11111 21 11001 
2   RID.120 16  10011 16 10111 
1   RID.121 2 11 
1   RID.122 4  111 
1   RID.123 4  011 
2   RID.124 21  11111 21 11001 
1   RID.125 10 10 
2   RID.126 7  000 2 0 
1   RID.127 2 00 
2   RID.128 21  00011 15 1100 
1   RID.129 1 1 
2   RID.130 21  1111 21 1000 
2   RID.131 7  1 5 00 
2   RID.132 15  0000 21 0000 
2   RID.133 19  110 12 0 
2   RID.134 21  0001 22 101111 
1   RID.135 7 1011 
1   RID.136 2  00 
1   RID.137 7 010 
2   RID.138 13  01 17 1100 
2   RID.139 21  01001 21 11111 
2   RID.140 28  00000 21 00101 
2   RID.141 21  1010 25 00000 
2   RID.142 2  0 7 0 
1   RID.143 8  0001 
2   RID.144 3  0000 10 00 
2   RID.145 17  1111 17 1000 
2   RID.146 24  1111 21 1001111 
1   RID.147 8  1000 
1   RID.148 7 0 
1   RID.149 7  110 
1   RID.150 11 0 
2   RID.151 17  0000 25 010 
2   RID.152 15  0011 17 1100 
1   RID.153 7  00000 
2   RID.154 21  0001 13 10 
2   RID.155 21  00001 25 110 
1   RID.156 7  0 
2   RID.157 21  0001 26 1011 
1   RID.158 7  000 
2   RID.159 17  1100 15 0011 
2   RID.160 12  00 23 00110 
2   RID.161 25  1101 19 100 
2   RID.162 17  1100 13 01 
1   RID.163 4 100 
1   RID.164 3  1101 
2   RID.165 21  1010 28 00000 
1   RID.166 7  1 
1   RID.167 4 010 
2   RID.168 15  000000 25 0011 
2   RID.169 17  0000 23 00110 
2   RID.170 13  00 13 00 
1   RID.171 10 00 
2   RID.172 25  110 20 00000 
1   RID.173 7  0 
2   RID.174 17  0000 21 00001 
2   RID.175 12  10 12 00 
2   RID.176 21  00001 15 100000 
2   RID.177 25  110 17 0100 
2   RID.178 7  000 2 0 
2   RID.179 15  11001 20 10001 
1   RID.180 11  1 
1   RID.181 10  11 
2   RID.182 15  000000 15 010001 
2   RID.183 19  01111 19 10000 
2   RID.184 7  1100 2 01 
2   RID.185 21  0100 21 010011 
2   RID.186 15  111 25 110 
2   RID.187 21  0100 25 0011 
2   RID.188 21  00001 21 10111 
2   RID.189 6  1 7 1000 
2   RID.190 25  110 17 0100 
2   RID.191 8  0111 6 1 
1   RID.192 4  001 
1   RID.193 2 11 
2   RID.194 21  10101 21 1010110 
1   RID.195 2 0 
1   RID.196 8 0000 
2   RID.197 15  111 25 110 
1   RID.198 3 0001 
2   RID.199 19  11100 19 00010 
1   RID.200 7 0110 
2   RID.201 21  01000 21 00011 
2   RID.202 21  0001 26 11001 
2   RID.203 21  111001 21 110011 
2   RID.204 25  110 21 0100 
2   RID.205 21  0001 26 1111 
1   RID.206 7  00001 
2   RID.207 21  00011 26 1010 
2   RID.208 15  1100 19 01000 
1   RID.209 1  1 
2   RID.210 7  0 2 01 
2   RID.211 15  111 25 110 
2   RID.212 19  00010 12 00 
1   RID.213 10 00 
2   RID.214 17  1100 13 01 
2   RID.215 21  10101 13 10 
2   RID.216 21  1010 15 000000 
1   RID.217 15  110111 
2   RID.218 14  0 19 10000 
2   RID.219 20  11111 20 10000 
1   RID.220 7  0011 
