Number of Haplotypes 37
2   RID.0 4  001 7 1 
2   RID.1 8  0000 7 0 
2   RID.2 20  010010 16 0111 
1   RID.3 25  0001 
2   RID.4 31  1110 20 000000 
2   RID.5 32  11110 21 00101000 
2   RID.6 23  111010 23 010101 
2   RID.7 25  0001 14 100 
1   RID.8 7 0 
1   RID.9 7 0 
2   RID.10 7  1 3 0001 
2   RID.11 14  1000 31 001101 
2   RID.12 7  0 8 11 
1   RID.13 14  000 
2   RID.14 6  0 7 0 
2   RID.15 20  001010 23 010000 
2   RID.16 7  1 8 0011 
2   RID.17 5  01 7 1 
2   RID.18 7  0 6 1 
2   RID.19 7  1 4 101 
2   RID.20 1  10 7 0 
2   RID.21 3  001 7 1 
1   RID.22 3 110 
2   RID.23 7  0 6 0 
1   RID.24 4 001 
2   RID.25 22  0101000 20 0001 
2   RID.26 4  001 7 1 
2   RID.27 7  0 6 1 
2   RID.28 7  0 3 10 
2   RID.29 24  00010 37 0 
2   RID.30 7  0 8 01000 
1   RID.31 7 0 
2   RID.32 20  010010 25 0001 
2   RID.33 23  000010 25 0010 
2   RID.34 5  11 7 1 
2   RID.35 4  001 5 11 
2   RID.36 7  0 6 1 
1   RID.37 4  001 
2   RID.38 7  1 6 1 
2   RID.39 4  001 7 1 
2   RID.40 15  00111 21 10010001 
2   RID.41 7  1 1 101 
2   RID.42 21  00000010 25 0010 
2   RID.43 7  1 6 0 
2   RID.44 5  01 7 1 
1   RID.45 7 1 
2   RID.46 20  0100 37 0 
2   RID.47 6  1 8 01 
1   RID.48 8 101 
1   RID.49 23  100111 
2   RID.50 7  0 4 101 
2   RID.51 7  0 6 1 
1   RID.52 8 1 
1   RID.53 20 110010 
1   RID.54 6 0 
2   RID.55 3  000 2 000 
2   RID.56 7  0 1 01 
2   RID.57 7  0 1 101 
2   RID.58 20  100101 21 10101000 
1   RID.59 7 0 
2   RID.60 8  1 7 0 
2   RID.61 7  1 3 00 
1   RID.62 5 01 
2   RID.63 7  1 7 1 
2   RID.64 1  011 7 1 
2   RID.65 31  110010 24 00010 
2   RID.66 32  10100 25 000101 
1   RID.67 4 111 
2   RID.68 3  10 7 0 
2   RID.69 7  0 1 1 
2   RID.70 26  00010 23 001000 
2   RID.71 31  100000 20 00010100 
2   RID.72 20  100101 25 10001 
2   RID.73 20  010010 25 0001 
2   RID.74 7  0 2 11 
2   RID.75 7  0 7 1 
2   RID.76 3  110 7 0 
2   RID.77 3  000 11 011 
2   RID.78 20  100101000 25 000010 
2   RID.79 20  0111 21 10010001 
2   RID.80 20  01001000 35 010 
2   RID.81 15  00111 20 110010001 
1   RID.82 7  0 
2   RID.83 3  001 7 1 
2   RID.84 23  101000 26 00010 
2   RID.85 20  001001 23 101011 
2   RID.86 8  100 4 000 
2   RID.87 7  1 4 001 
2   RID.88 5  01 7 1 
2   RID.89 24  00010 23 011001 
2   RID.90 6  1 7 1 
1   RID.91 8 10000 
2   RID.92 7  0 8 0000 
2   RID.93 4  001 7 1 
2   RID.94 7  0 5 11 
1   RID.95 6  1 
2   RID.96 4  001 7 1 
1   RID.97 20  010010 
1   RID.98 7 0 
2   RID.99 31  011 25 1010 
1   RID.100 7  0 
2   RID.101 7  0 1 100 
1   RID.102 3 010 
1   RID.103 2 000 
2   RID.104 7  0 7 0 
2   RID.105 3  000 8 0 
2   RID.106 7  1 4 001 
2   RID.107 3  000 7 0 
2   RID.108 15  00001 23 101110 
2   RID.109 1  000 7 0 
2   RID.110 14  111100 32 00000 
