Number of Haplotypes 25
2   RID.0 12  000000 1 1000 
2   RID.1 9  0110 21 00011 
2   RID.2 12  01010 9 0010 
2   RID.3 18  00 1 0 
2   RID.4 12  10110 9 01110 
2   RID.5 12  0000 7 00 
2   RID.6 8  0 20 01010 
2   RID.7 6  100 13 00100 
2   RID.8 17  010 10 010001 
2   RID.9 9  0 13 100000 
2   RID.10 9  00100 1 101 
2   RID.11 20  0 9 100 
2   RID.12 9  00100 20 00100 
2   RID.13 9  0 13 000000 
2   RID.14 16  1000 7 00 
2   RID.15 13  000000 20 00000 
2   RID.16 9  001 10 1100 
2   RID.17 12  000000 16 0000 
2   RID.18 13  000000 1 1000 
2   RID.19 12  000100 20 0101 
1   RID.20 9  101 
2   RID.21 13  00110 10 0100 
2   RID.22 9  000 18 000 
1   RID.23 12 001101 
2   RID.24 18  00 9 000 
2   RID.25 11  00000 1 10000 
2   RID.26 12  00000 16 0000 
2   RID.27 17  000 11 00000 
2   RID.28 12  0001 17 110 
2   RID.29 9  0010 12 01010 
2   RID.30 9  000 14 000000 
2   RID.31 11  10001 5 1100 
2   RID.32 18  00 9 00 
2   RID.33 12  00000 5 0000 
2   RID.34 12  000110 9 0110 
2   RID.35 20  0 9 001 
2   RID.36 9  000 10 0000 
2   RID.37 20  100 10 010001 
2   RID.38 9  001 10 110101 
2   RID.39 10  010000 20 00100 
2   RID.40 17  000 9 001 
2   RID.41 6  100 13 00100 
2   RID.42 17  000 11 00000 
2   RID.43 1  1000 16 0000 
2   RID.44 17  000 9 001 
2   RID.45 20  01010 9 001 
2   RID.46 5  0000 12 000000 
2   RID.47 9  001 18 10 
2   RID.48 8  0 11 00000 
2   RID.49 13  000000 9 001 
2   RID.50 10  0100 5 0000 
2   RID.51 1  1 10 000000 
2   RID.52 9  0110 21 00011 
2   RID.53 9  0000 12 000000 
2   RID.54 12  101101 9 111 
2   RID.55 9  000 17 000 
2   RID.56 12  10110 10 001111 
2   RID.57 5  1011 14 110100 
