99
20
2   RID.0 10  00 7 000 
2   RID.1 5  11 7 100 
1   RID.2 10 000 
2   RID.3 7  01 7 111 
2   RID.4 7  000 9 0 
2   RID.5 13  0010 8 00 
2   RID.6 12  00 7 000 
2   RID.7 7  000 17 00 
2   RID.8 1  100 7 000 
1   RID.9 1  100 
2   RID.10 10  0 5 01 
2   RID.11 10  0 10 100 
2   RID.12 10  000 10 0 
2   RID.13 4  011 7 100 
2   RID.14 3  00 9 0 
2   RID.15 10  101 7 111 
2   RID.16 7  000 4 011 
1   RID.17 17  10 
2   RID.18 4  011 7 100 
1   RID.19 5 01 
2   RID.20 9  0 7 100 
2   RID.21 7  000 7 0 
2   RID.22 7  000 4 011 
2   RID.23 7  000 18 011 
1   RID.24 7  110 
2   RID.25 1  100 7 000 
2   RID.26 7  000 7 000 
2   RID.27 11  00 4 011 
1   RID.28 12  0001 
2   RID.29 5  01 9 1 
2   RID.30 10  00 10 0 
2   RID.31 7  000 7 00 
2   RID.32 7  000 7 000 
1   RID.33 7 000 
2   RID.34 10  0 2 00 
2   RID.35 7  000 13 0010 
2   RID.36 12  00 7 010 
2   RID.37 7  000 10 000 
2   RID.38 10  000 7 000 
2   RID.39 7  000 7 000 
2   RID.40 10  11 7 110 
2   RID.41 7  000 7 000 
2   RID.42 7  110 7 010 
2   RID.43 10  00 5 01 
2   RID.44 7  000 4 0 
2   RID.45 7  000 10 000 
2   RID.46 10  000 5 00 
2   RID.47 5  11 8 10 
2   RID.48 7  000 4 0 
1   RID.49 7  110 
2   RID.50 3  00 9 0 
2   RID.51 7  1 9 0 
2   RID.52 11  00 9 0 
1   RID.53 7  000 
2   RID.54 3  01 7 111 
2   RID.55 4  011 7 100 
2   RID.56 7  000 7 000 
1   RID.57 10  00 
2   RID.58 12  10 7 01 
2   RID.59 10  1 13 1110 
1   RID.60 7  000 
2   RID.61 4  001 9 1 
2   RID.62 7  00 7 000 
2   RID.63 7  11 14 1000 
2   RID.64 9  0 7 000 
2   RID.65 5  00 11 00 
2   RID.66 10  0 7 000 
1   RID.67 7  000 
2   RID.68 4  0 11 00 
2   RID.69 9  1 18 011 
2   RID.70 5  11 8 10 
1   RID.71 1  111 
2   RID.72 7  00 10 000 
2   RID.73 7  000 10 0 
2   RID.74 7  000 7 000 
2   RID.75 5  01 10 10 
1   RID.76 10  00 
2   RID.77 10  0 7 000 
2   RID.78 11  00 7 000 
2   RID.79 9  0 7 00 
2   RID.80 7  000 7 000 
1   RID.81 17  10 
2   RID.82 10  10 7 01 
2   RID.83 10  01 5 10 
2   RID.84 9  0 4 011 
2   RID.85 7  000 9 0 
2   RID.86 8  00 9 0 
2   RID.87 9  0 5 01 
2   RID.88 11  00 7 000 
2   RID.89 7  000 10 000 
2   RID.90 8  00 7 000 
2   RID.91 7  110 13 0000 
2   RID.92 8  00 6 0 
2   RID.93 6  1 10 0 
2   RID.94 7  000 12 00 
2   RID.95 9  1 6 0 
2   RID.96 7  000 7 00 
2   RID.97 17  10 8 00 
2   RID.98 7  011 10 1 
