Number of Haplotypes 21
2   RID.0 12  00 11 00 
2   RID.1 13  01 11 10 
2   RID.2 11  100 11 00 
2   RID.3 13  0 11 00 
2   RID.4 11  11 19 101 
2   RID.5 17  11 11 11 
2   RID.6 9  00 11 01 
2   RID.7 1  1101 5 10 
2   RID.8 14  1 11 000 
2   RID.9 3  1011 3 1011 
2   RID.10 1  1010 7 010 
2   RID.11 1  1 2 010 
2   RID.12 11  01 7 1100 
2   RID.13 13  11 9 10 
2   RID.14 11  10 15 00 
2   RID.15 4  011 13 1 
2   RID.16 13  1 11 111 
2   RID.17 13  1 13 11 
2   RID.18 7  10 2 001 
2   RID.19 7  01 1 1010 
2   RID.20 11  11 7 1100 
2   RID.21 5  11 7 1 
2   RID.22 2  010 11 01 
2   RID.23 3  0100 11 000 
2   RID.24 11  10 14 000 
2   RID.25 5  11 11 11 
2   RID.26 7  0 2 1101 
2   RID.27 13  0 11 10 
2   RID.28 11  11 13 1 
2   RID.29 7  01 5 11 
2   RID.30 11  01 14 1 
1   RID.31 3 1011 
2   RID.32 14  101 13 1 
2   RID.33 11  10 11 01 
2   RID.34 7  0100 12 01 
2   RID.35 5  11 1 0 
2   RID.36 5  11 3 1011 
2   RID.37 11  10 9 01 
2   RID.38 13  11 13 1 
2   RID.39 7  0 2 1101 
1   RID.40 3  1011 
2   RID.41 7  0100 11 01 
2   RID.42 4  011 7 1100 
2   RID.43 11  10 11 01 
2   RID.44 14  1 5 10 
2   RID.45 14  1 13 0 
2   RID.46 11  10 9 01 
2   RID.47 11  10 11 00 
2   RID.48 11  100 11 00 
2   RID.49 11  01 12 11 
2   RID.50 13  1 13 11 
2   RID.51 7  01 11 11 
2   RID.52 12  00 13 0 
2   RID.53 6  10 1 0 
2   RID.54 5  00 1 0001 
2   RID.55 12  11 9 10 
2   RID.56 6  01 5 10 
2   RID.57 3  1011 3 1011 
2   RID.58 11  011 5 11 
2   RID.59 2  1010 1 1101 
2   RID.60 12  00 13 0 
2   RID.61 11  01 13 1 
2   RID.62 11  011 2 11011 
2   RID.63 11  10 13 0 
2   RID.64 7  0100 11 01 
2   RID.65 11  01 11 111 
2   RID.66 10  01 11 111 
2   RID.67 11  10 13 0 
2   RID.68 11  11 11 11 
2   RID.69 11  01 11 10 
2   RID.70 11  11 14 100 
2   RID.71 3  1100 13 0 
2   RID.72 3  1011 9 10 
2   RID.73 12  01 2 1010 
2   RID.74 11  011 11 11 
2   RID.75 11  01 11 11 
2   RID.76 12  00 7 0011 
2   RID.77 15  11 8 100 
2   RID.78 8  100 11 01 
2   RID.79 3  0100 5 00 
2   RID.80 11  100 11 000 
2   RID.81 12  00 13 01 
2   RID.82 11  11 15 100 
2   RID.83 7  01 11 11 
2   RID.84 11  10 11 00 
2   RID.85 14  1 11 01 
2   RID.86 14  1 7 1011 
2   RID.87 7  10 6 0 
2   RID.88 8  011 1 1101 
2   RID.89 7  01 3 1011 
2   RID.90 7  0 2 1101 
2   RID.91 1  1111 7 1100 
2   RID.92 11  100 11 00 
2   RID.93 7  001 11 10 
2   RID.94 12  11 13 1 
2   RID.95 3  0100 3 0100 
2   RID.96 2  0010 9 01 
2   RID.97 11  10 9 01 
2   RID.98 11  11 14 111 
2   RID.99 14  1 11 10 
2   RID.100 7  010 14 0 
2   RID.101 2  00100 6 01 
2   RID.102 9  00 11 01 
2   RID.103 11  01 13 11 
2   RID.104 6  0 7 10 
2   RID.105 14  1 9 00 
2   RID.106 13  01 11 10 
2   RID.107 11  10 9 01 
2   RID.108 14  000 12 00 
2   RID.109 11  10 12 00 
2   RID.110 13  1 14 011 
2   RID.111 12  11 11 11 
2   RID.112 15  11 11 11 
2   RID.113 14  101 9 10 
2   RID.114 11  100 11 00 
2   RID.115 3  1011 3 1011 
2   RID.116 2  0010 6 01 
2   RID.117 5  11 7 1100 
2   RID.118 13  0 11 00 
2   RID.119 8  011 3 1100 
2   RID.120 12  11 9 10 
2   RID.121 11  10 14 000 
2   RID.122 3  1011 3 1011 
2   RID.123 3  0100 2 001 
2   RID.124 7  0100 11 011 
2   RID.125 5  00 7 0011 
2   RID.126 3  1011 1 0 
1   RID.127 3 1011 
2   RID.128 11  01 11 11 
2   RID.129 14  1 11 10 
2   RID.130 2  010 7 0100 
2   RID.131 17  11 7 11 
2   RID.132 7  1011 11 11 
2   RID.133 14  1 11 10 
2   RID.134 15  01 9 10 
2   RID.135 14  011 7 1100 
2   RID.136 11  10 1 111 
2   RID.137 8  100 18 00 
2   RID.138 11  01 8 100 
2   RID.139 7  0100 14 011 
2   RID.140 3  0100 2 0010 
2   RID.141 5  00 6 01 
2   RID.142 16  000 11 00 
2   RID.143 11  100 5 00 
2   RID.144 7  01 11 11 
2   RID.145 14  111 11 10 
2   RID.146 3  0100 11 00 
2   RID.147 7  10 5 00 
2   RID.148 13  0 11 00 
2   RID.149 5  00 7 0011 
2   RID.150 7  01 4 111 
2   RID.151 7  0011 11 10 
2   RID.152 11  10 5 00 
2   RID.153 11  011 11 11 
2   RID.154 11  10 7 0 
1   RID.155 19  10 
2   RID.156 7  0011 11 10 
2   RID.157 14  1 11 01 
2   RID.158 13  0 11 11 
2   RID.159 11  10 13 0 
2   RID.160 13  0 11 00 
2   RID.161 11  01 11 111 
2   RID.162 5  00 7 0011 
1   RID.163 6  01 
2   RID.164 13  1 13 11 
2   RID.165 11  10 8 011 
2   RID.166 13  1 5 11 
2   RID.167 11  011 11 11 
2   RID.168 11  01 15 11 
2   RID.169 11  11 11 11 
2   RID.170 10  01 11 111 
2   RID.171 13  0 11 11 
2   RID.172 11  01 11 11 
2   RID.173 11  10 11 00 
2   RID.174 11  01 11 11 
2   RID.175 8  011 14 111 
2   RID.176 1  10 6 0 
2   RID.177 14  1 3 0011 
2   RID.178 7  001 5 10 
2   RID.179 11  01 1 1010 
2   RID.180 13  01 9 11 
2   RID.181 11  10 7 0 
2   RID.182 11  10 14 0 
2   RID.183 11  10 5 00 
2   RID.184 7  001 5 10 
2   RID.185 12  11 3 1011 
2   RID.186 5  11 12 11 
2   RID.187 5  00 6 01 
1   RID.188 2 1101 
2   RID.189 3  0100 5 00 
2   RID.190 11  10 8 011 
2   RID.191 11  11 2 101 
2   RID.192 11  011 11 11 
2   RID.193 1  111 7 10 
2   RID.194 11  01 13 1 
2   RID.195 11  01 11 111 
2   RID.196 14  111 12 11 
1   RID.197 7  1 
2   RID.198 7  01 2 110 
2   RID.199 7  0 6 00 
2   RID.200 12  00 13 0 
2   RID.201 11  01 1 1010 
1   RID.202 3 0100 
2   RID.203 11  01 11 11 
2   RID.204 11  01 14 111 
2   RID.205 14  1 8 100 
2   RID.206 12  00 13 01 
2   RID.207 15  00 11 00 
2   RID.208 1  10 11 00 
2   RID.209 14  111 8 100 
2   RID.210 11  01 13 1 
2   RID.211 11  01 15 11 
2   RID.212 7  001 5 10 
2   RID.213 2  101 2 10100 
2   RID.214 5  11 6 10 
2   RID.215 14  1 11 00 
2   RID.216 15  00 11 00 
2   RID.217 14  011 11 10 
2   RID.218 7  0 13 0 
2   RID.219 7  0 2 0101 
2   RID.220 5  00 3 0100 
2   RID.221 13  0 11 000 
2   RID.222 11  10 14 000 
2   RID.223 2  0101 11 11 
2   RID.224 13  0 14 111 
2   RID.225 5  11 1 0010 
2   RID.226 1  1 3 0011 
2   RID.227 11  11 11 11 
2   RID.228 6  0 3 1100 
2   RID.229 11  011 11 11 
2   RID.230 13  0 11 10 
2   RID.231 11  11 1 1101 
2   RID.232 13  1 11 11 
2   RID.233 11  01 11 11 
2   RID.234 11  11 14 1 
