Number of Haplotypes 21
2   RID.0 4  0 3 1 
2   RID.1 6  01 3 1 
2   RID.2 3  0 6 11 
1   RID.3 5 110 
2   RID.4 8  10 3 0 
2   RID.5 5  101 4 110 
2   RID.6 4  000 7 0 
2   RID.7 7  0 8 00 
2   RID.8 11  0111011 7 1 
1   RID.9 4 11 
2   RID.10 4  0 8 10 
2   RID.11 3  0 6 01 
2   RID.12 8  10 4 001 
2   RID.13 19  001 6 10 
2   RID.14 4  000 4 00 
2   RID.15 6  00 4 0 
2   RID.16 4  0 8 00 
2   RID.17 4  0 6 00 
2   RID.18 4  00 8 00 
2   RID.19 6  00 4 00 
2   RID.20 4  01 3 1 
1   RID.21 4  0 
2   RID.22 3  1 3 1 
1   RID.23 4 10 
1   RID.24 5  010 
2   RID.25 14  01000 4 0 
2   RID.26 5  00 6 00 
2   RID.27 7  00 3 0 
2   RID.28 4  00 4 00 
2   RID.29 5  01 6 10 
2   RID.30 3  0 4 0 
2   RID.31 5  00 8 00 
1   RID.32 4  001 
2   RID.33 7  0 12 100100 
2   RID.34 4  00 4 0 
2   RID.35 3  0 4 00 
2   RID.36 7  0 8 00 
1   RID.37 8  00 
2   RID.38 5  10 8 00 
2   RID.39 7  0 1 11 
2   RID.40 3  1 4 1 
2   RID.41 4  001 6 10 
2   RID.42 8  10 5 00 
2   RID.43 4  0 3 0 
2   RID.44 4  0 8 00 
2   RID.45 6  00 3 0 
2   RID.46 3  0 4 01 
2   RID.47 4  11 4 11 
2   RID.48 8  101 6 10 
2   RID.49 8  10 7 0 
2   RID.50 6  10 10 00 
2   RID.51 3  0 4 0 
2   RID.52 7  0 3 0 
2   RID.53 6  01 3 1 
2   RID.54 8  00 7 0 
1   RID.55 4 00 
2   RID.56 7  0 3 0 
2   RID.57 8  00 6 00 
2   RID.58 6  00 4 0 
2   RID.59 8  10 7 0 
1   RID.60 4 0 
2   RID.61 10  0000 5 00 
2   RID.62 3  0 4 01 
1   RID.63 4 10 
1   RID.64 4 0 
2   RID.65 5  000 7 0 
2   RID.66 7  0 6 00 
2   RID.67 4  001 4 1 
2   RID.68 6  01 8 10 
2   RID.69 8  10 6 00 
1   RID.70 7  0 
2   RID.71 3  0 5 00 
2   RID.72 6  01 4 11 
2   RID.73 3  1 5 100 
2   RID.74 8  00 3 0 
2   RID.75 4  0 4 0 
2   RID.76 7  0 5 01 
2   RID.77 5  00 8 00 
2   RID.78 4  0 8 00 
2   RID.79 3  1 5 00 
1   RID.80 7  0 
2   RID.81 7  1 8 00 
2   RID.82 3  1 8 00 
2   RID.83 10  00 7 0 
2   RID.84 8  10 5 00 
2   RID.85 3  0 6 00 
2   RID.86 4  0 6 00 
2   RID.87 4  0 1 1 
2   RID.88 1  11 6 11 
2   RID.89 3  0 5 10 
2   RID.90 5  01 15 10011 
2   RID.91 4  0 4 100 
2   RID.92 7  0 5 000 
2   RID.93 4  00 6 00 
2   RID.94 4  01 5 110 
2   RID.95 8  10 4 0 
2   RID.96 10  0000 6 00 
2   RID.97 4  0 3 0 
2   RID.98 3  1 4 000 
2   RID.99 4  0 14 01000 
2   RID.100 3  1 4 000 
2   RID.101 8  10 10 01101 
2   RID.102 4  0 4 1 
2   RID.103 10  00 6 00 
2   RID.104 10  000001 5 10 
2   RID.105 1  00 5 00 
2   RID.106 15  10000 5 00 
2   RID.107 6  10 4 00 
2   RID.108 6  00 3 0 
1   RID.109 3  0 
2   RID.110 10  0100 7 0 
2   RID.111 5  01 4 10 
2   RID.112 4  0 4 00 
2   RID.113 8  10 5 01 
2   RID.114 4  0 4 11 
2   RID.115 7  0 6 10 
2   RID.116 4  0 4 00 
2   RID.117 3  0 6 01 
2   RID.118 4  0 5 10 
2   RID.119 3  0 5 01 
2   RID.120 5  10 4 0 
2   RID.121 3  1 8 00 
2   RID.122 8  00 5 000 
2   RID.123 4  01 4 110 
1   RID.124 8 00 
1   RID.125 4 00 
1   RID.126 5 00 
2   RID.127 4  0 7 000 
2   RID.128 8  10 7 0 
2   RID.129 4  0 4 01 
2   RID.130 8  10 5 01 
2   RID.131 4  00 4 0 
2   RID.132 3  1 4 00 
2   RID.133 7  1 8 00 
2   RID.134 6  10 4 00 
2   RID.135 6  10 4 0 
2   RID.136 5  010 3 0 
2   RID.137 5  10 3 0 
2   RID.138 7  1 14 00011 
2   RID.139 6  11 8 10 
2   RID.140 7  0 4 000 
2   RID.141 4  0 3 0 
2   RID.142 4  00 3 0 
2   RID.143 4  01 8 10 
2   RID.144 4  00 3 0 
2   RID.145 7  0 6 00 
2   RID.146 7  010 10 0011 
1   RID.147 7 1 
2   RID.148 6  00 4 0 
2   RID.149 8  00 4 01 
2   RID.150 4  000 9 00 
1   RID.151 5 00 
2   RID.152 4  0 4 000 
2   RID.153 5  000 4 00 
2   RID.154 8  10 4 01 
2   RID.155 7  0 4 11 
2   RID.156 6  01 4 1 
2   RID.157 7  0 3 1 
2   RID.158 3  0 5 11 
2   RID.159 11  0111011 7 1 
1   RID.160 8 10 
2   RID.161 5  00 4 000 
2   RID.162 4  00 4 00 
2   RID.163 3  1 4 00 
2   RID.164 4  0 3 0 
1   RID.165 4  0 
2   RID.166 8  10 3 0 
2   RID.167 8  10 5 01 
2   RID.168 5  010 12 0110111 
2   RID.169 4  0 5 11 
1   RID.170 3  1 
1   RID.171 8  10 
2   RID.172 7  0 20 01 
2   RID.173 8  00 7 0 
1   RID.174 4  00 
2   RID.175 3  1 4 00 
2   RID.176 9  11 4 10 
2   RID.177 10  0000 6 00 
1   RID.178 6 00 
2   RID.179 3  0 4 0 
2   RID.180 10  0100 4 0 
2   RID.181 3  1 4 00 
1   RID.182 4 00 
2   RID.183 4  11 3 1 
2   RID.184 3  0 5 10 
1   RID.185 5  010 
2   RID.186 4  00 10 00000 
2   RID.187 5  00 4 0 
1   RID.188 5  000 
2   RID.189 4  0 4 01 
1   RID.190 5 100 
2   RID.191 8  10 4 00 
1   RID.192 6 00 
1   RID.193 4 01 
2   RID.194 5  00 4 0 
2   RID.195 4  11 4 110 
2   RID.196 8  10 6 00 
1   RID.197 4  01 
2   RID.198 3  1 4 11 
2   RID.199 3  0 3 1 
2   RID.200 4  01 5 10 
2   RID.201 7  0 4 00 
2   RID.202 3  1 5 000 
2   RID.203 4  00 8 00 
2   RID.204 4  01 4 10 
1   RID.205 4  0 
2   RID.206 6  01 7 1 
1   RID.207 5  01 
2   RID.208 1  10 3 0 
2   RID.209 4  00 3 0 
2   RID.210 5  000 8 00 
2   RID.211 7  1 10 0100 
2   RID.212 4  0 5 00 
2   RID.213 7  1 8 00 
2   RID.214 3  0 4 0 
1   RID.215 4  11 
2   RID.216 8  10 5 00 
2   RID.217 6  00 4 00 
2   RID.218 4  00 1 10 
2   RID.219 4  0 10 00000100 
2   RID.220 5  10 4 0 
1   RID.221 4 00 
2   RID.222 5  00 3 0 
2   RID.223 5  01 8 10 
2   RID.224 6  00 10 0000 
2   RID.225 8  00 5 000 
2   RID.226 3  0 3 0 
2   RID.227 4  001 4 1 
2   RID.228 7  00 10 00 
1   RID.229 3  1 
2   RID.230 4  11 3 1 
1   RID.231 4  00 
2   RID.232 4  000 5 00 
1   RID.233 8 00 
2   RID.234 3  1 4 00 
2   RID.235 4  0 6 00 
2   RID.236 4  00 7 0 
2   RID.237 3  1 4 00 
2   RID.238 8  00 5 00 
2   RID.239 8  10 8 000 
2   RID.240 4  111 4 101 
2   RID.241 10  0100100 4 01 
1   RID.242 5 11 
1   RID.243 4  00 
2   RID.244 6  00 8 00 
2   RID.245 7  11 12 1010011 
2   RID.246 8  00 6 00 
2   RID.247 3  1 3 0 
