224
24
2   RID.0 4  00111 15 100 
2   RID.1 13  00 20 0100 
2   RID.2 15  10 24 0 
2   RID.3 15  1111 14 1 
2   RID.4 10  000 10 0000 
2   RID.5 12  00 14 01 
2   RID.6 10  110 12 00 
2   RID.7 10  000 12 00 
2   RID.8 14  0 10 010 
2   RID.9 10  0000 10 01 
2   RID.10 15  00 15 00 
2   RID.11 13  00 19 0 
2   RID.12 14  0 19 0 
2   RID.13 14  01 15 10 
2   RID.14 14  11 12 11 
2   RID.15 15  10 14 0 
2   RID.16 20  01 11 100 
2   RID.17 11  000 10 01 
2   RID.18 14  11 10 11 
2   RID.19 12  00 5 01110 
2   RID.20 1  1111 15 11 
2   RID.21 14  0 10 100 
2   RID.22 14  0 20 0 
2   RID.23 13  00 8 000 
2   RID.24 8  100 11 000 
2   RID.25 10  101 18 10 
2   RID.26 14  1 10 010 
2   RID.27 20  000 10 011 
2   RID.28 12  11 20 1010 
2   RID.29 21  0101 15 11 
2   RID.30 11  000 17 000 
2   RID.31 11  000 14 0 
2   RID.32 10  111 14 10 
2   RID.33 12  00 6 0000 
2   RID.34 10  110 5 01000 
2   RID.35 10  0000 10 011 
2   RID.36 10  01 13 10 
2   RID.37 14  01 11 100 
2   RID.38 10  01 15 10 
2   RID.39 16  0000 10 01 
2   RID.40 10  1111 10 11 
2   RID.41 10  110 14 0 
2   RID.42 10  0000 14 0 
2   RID.43 14  01 14 1 
2   RID.44 13  0 15 100 
2   RID.45 10  01 14 1 
2   RID.46 15  1000 13 00 
2   RID.47 12  00 10 011 
2   RID.48 14  0 6 1000 
2   RID.49 15  10 12 00 
2   RID.50 12  00 16 0000 
2   RID.51 15  111 20 10 
2   RID.52 15  0000 15 000 
2   RID.53 15  10 12 00 
2   RID.54 10  110 15 00 
2   RID.55 10  01 10 1000 
2   RID.56 15  11 17 111 
2   RID.57 12  00 15 000 
2   RID.58 15  1101 15 1111 
2   RID.59 12  00 10 000 
2   RID.60 12  01 15 11 
2   RID.61 10  101 18 10 
2   RID.62 14  01 17 100 
2   RID.63 14  00 15 0000 
2   RID.64 9  001 12 10 
2   RID.65 10  0000 14 0 
2   RID.66 10  111 10 111 
2   RID.67 10  0111 19 1 
2   RID.68 17  000 13 00 
2   RID.69 8  011 15 1111 
2   RID.70 13  0 15 100 
2   RID.71 10  01 14 10 
2   RID.72 13  0 14 0 
2   RID.73 11  000 14 0 
2   RID.74 16  0000 16 0000 
2   RID.75 14  01 12 10 
2   RID.76 15  000 12 00 
2   RID.77 11  000 14 0 
1   RID.78 15 00 
2   RID.79 5  01000 12 00 
2   RID.80 13  00 5 01000 
2   RID.81 14  01 14 1 
2   RID.82 12  00 5 01110 
2   RID.83 10  01 14 1 
2   RID.84 14  01 14 11 
2   RID.85 10  1011 10 11 
2   RID.86 13  11 14 11 
2   RID.87 14  01 3 10011 
2   RID.88 12  00 15 000 
2   RID.89 13  00 5 01110 
2   RID.90 16  0000 14 00 
2   RID.91 10  011 12 10 
2   RID.92 11  000 10 01 
2   RID.93 13  0 13 1 
2   RID.94 18  11 18 10 
2   RID.95 14  0 17 000 
1   RID.96 10  000 
2   RID.97 14  0 16 0000 
2   RID.98 17  000 14 01 
2   RID.99 12  00 14 01 
2   RID.100 12  11 5 10110 
2   RID.101 17  000 14 00 
2   RID.102 16  1111 14 1 
2   RID.103 15  00 15 000 
2   RID.104 12  00 14 0 
2   RID.105 13  00 10 000 
2   RID.106 14  1 5 00110 
2   RID.107 17  000 14 0 
2   RID.108 19  00 14 0 
2   RID.109 8  00 12 00 
2   RID.110 14  010 12 00 
2   RID.111 14  010 11 000 
2   RID.112 14  0 6 0000 
2   RID.113 12  00 12 00 
2   RID.114 15  11 11 111 
2   RID.115 12  11 10 11 
2   RID.116 12  00 14 010 
2   RID.117 14  01 14 1 
2   RID.118 10  111 14 1 
2   RID.119 19  0 15 100 
2   RID.120 10  111 11 111 
2   RID.121 19  00 12 00 
2   RID.122 12  00 12 00 
2   RID.123 13  00 14 0 
2   RID.124 11  101 11 100 
2   RID.125 10  111 11 111 
2   RID.126 10  110 18 00 
2   RID.127 10  101 17 100 
2   RID.128 19  00 14 00 
2   RID.129 11  000 11 000 
2   RID.130 10  111 12 10 
2   RID.131 10  0000 10 01 
2   RID.132 16  0000 13 00 
2   RID.133 1  10111 14 11 
2   RID.134 14  00 20 0 
2   RID.135 10  11 16 1111 
2   RID.136 5  01110 12 00 
2   RID.137 15  111 20 10 
2   RID.138 15  1000 14 01 
2   RID.139 14  0 12 10 
2   RID.140 20  0 15 0000 
2   RID.141 11  000 10 011 
2   RID.142 11  111 12 11 
2   RID.143 18  01 15 1000 
2   RID.144 15  00 10 01 
2   RID.145 10  000 12 00 
2   RID.146 14  11 15 1111 
2   RID.147 12  11 10 11 
2   RID.148 8  100 14 01 
2   RID.149 10  111 12 10 
2   RID.150 11  000 10 010 
2   RID.151 10  111 15 100 
2   RID.152 15  11 21 1101 
2   RID.153 14  0 10 111 
2   RID.154 10  111 13 11 
2   RID.155 14  000 11 000 
2   RID.156 14  00 10 000 
2   RID.157 14  00 14 0 
2   RID.158 14  11 10 11 
2   RID.159 11  000 10 011 
2   RID.160 12  00 17 000 
2   RID.161 14  0 12 00 
2   RID.162 10  01 11 100 
2   RID.163 10  000 10 011 
2   RID.164 14  1 17 111 
2   RID.165 10  0000 5 01110 
2   RID.166 14  01 14 1 
2   RID.167 18  11 13 1 
2   RID.168 12  00 14 00 
2   RID.169 12  00 11 000 
2   RID.170 5  01110 14 01 
2   RID.171 10  111 15 11 
2   RID.172 10  101 18 10 
2   RID.173 10  111 14 11 
2   RID.174 14  00 19 00 
2   RID.175 10  11 12 11 
2   RID.176 15  100 22 010 
2   RID.177 14  00 20 0000 
2   RID.178 12  11 12 11 
2   RID.179 10  000 12 00 
1   RID.180 14 01 
2   RID.181 13  0 16 1000 
2   RID.182 14  0 12 00 
2   RID.183 12  00 5 01110 
2   RID.184 13  0 10 001 
2   RID.185 14  0 4 1011 
2   RID.186 15  10 12 00 
2   RID.187 12  01 15 11 
2   RID.188 13  00 13 00 
2   RID.189 13  00 10 010 
2   RID.190 11  111 12 11 
2   RID.191 14  00 12 00 
2   RID.192 15  1000 14 0 
2   RID.193 13  0 14 0 
2   RID.194 13  0 1 1110 
2   RID.195 14  0 12 00 
2   RID.196 11  000 10 01 
2   RID.197 16  0000 5 01000 
2   RID.198 15  1000 5 01110 
2   RID.199 24  0 14 0 
2   RID.200 15  10 15 0000 
2   RID.201 10  111 14 10 
2   RID.202 13  00 10 001 
2   RID.203 18  00 14 00 
2   RID.204 16  0000 14 01 
2   RID.205 24  0 14 1 
2   RID.206 10  0000 10 01 
2   RID.207 20  0 15 10 
2   RID.208 15  10 17 000 
2   RID.209 15  000 10 000 
2   RID.210 13  0 1 1110 
2   RID.211 14  01 10 111 
2   RID.212 17  000 14 00 
2   RID.213 10  111 13 10 
2   RID.214 12  00 17 000 
2   RID.215 5  11110 14 0 
2   RID.216 14  01 10 111 
2   RID.217 14  0 10 110 
2   RID.218 12  00 15 0000 
2   RID.219 10  111 14 1 
2   RID.220 21  0101 15 11 
2   RID.221 13  00 19 0 
2   RID.222 12  00 15 00 
2   RID.223 14  111 10 101 
