Number of Haplotypes 20
2   RID.0 4  0011 20 1 
2   RID.1 8  00 10 0 
2   RID.2 1  011 10 1 
2   RID.3 14  1111 9 1 
2   RID.4 10  10 17 001 
1   RID.5 10 1000 
2   RID.6 8  00 10 0000 
2   RID.7 10  0 14 000 
2   RID.8 10  1101 4 1011 
2   RID.9 4  00000 14 0000 
2   RID.10 10  10 18 01 
2   RID.11 14  1111 8 10 
2   RID.12 8  00 10 0000 
2   RID.13 9  0 10 0000 
2   RID.14 16  1110 8 01 
2   RID.15 9  0 20 1 
2   RID.16 10  000 9 0 
2   RID.17 9  0 16 0000 
2   RID.18 10  0000 4 0000 
2   RID.19 10  0000 8 00 
2   RID.20 9  0 14 0000 
2   RID.21 9  0 17 000 
2   RID.22 9  1 10 0010 
1   RID.23 7  10 
2   RID.24 4  001 10 1101 
2   RID.25 8  00 10 0000 
2   RID.26 8  00 10 0101 
2   RID.27 1  011 10 101 
2   RID.28 4  0011 20 1 
2   RID.29 10  0 10 1010 
1   RID.30 9  0 
1   RID.31 10 0010 
2   RID.32 14  1111 9 1 
2   RID.33 4  1100 10 001 
2   RID.34 12  0111 10 101 
2   RID.35 13  111 9 1 
