317
27
2   RID.0 18  000 10 000 
2   RID.1 17  0 18 0 
2   RID.2 15  00 3 0000 
2   RID.3 14  111 16 11 
2   RID.4 18  000 24 000 
2   RID.5 17  0 16 00 
2   RID.6 18  0 19 000 
2   RID.7 24  0000 16 00 
2   RID.8 18  0 15 000 
2   RID.9 1  100 10 00 
2   RID.10 1  10 7 000 
2   RID.11 16  00 18 000 
2   RID.12 21  11 18 111 
2   RID.13 18  0 19 100 
2   RID.14 18  000 10 000 
2   RID.15 3  00000 1 0 
2   RID.16 2  00 5 00000 
2   RID.17 18  111 19 111 
2   RID.18 18  0 19 10 
2   RID.19 15  000 10 00000 
2   RID.20 10  0000 3 0000 
2   RID.21 4  00000 17 0 
2   RID.22 15  000 15 000 
2   RID.23 15  101 15 100 
1   RID.24 1 00 
2   RID.25 18  1 16 01 
2   RID.26 19  111 20 11 
1   RID.27 15  000 
2   RID.28 15  000 18 0 
2   RID.29 12  000 18 0 
2   RID.30 17  0 18 000 
2   RID.31 1  1 2 000 
2   RID.32 19  000 18 0 
2   RID.33 5  01010 1 00 
1   RID.34 3 0000 
2   RID.35 15  000 17 0 
2   RID.36 19  000 18 00 
2   RID.37 1  101 1 101 
2   RID.38 1  1 10 10000 
2   RID.39 10  00000 18 0 
2   RID.40 2  00 2 000 
2   RID.41 2  000 18 0 
2   RID.42 19  00 22 000 
2   RID.43 18  0 15 000 
2   RID.44 2  0000 3 00000 
2   RID.45 3  00000 2 000 
2   RID.46 2  010 7 011 
2   RID.47 18  0 10 10 
2   RID.48 1  1 13 000 
2   RID.49 1  1 10 000 
2   RID.50 10  00000 18 000 
2   RID.51 2  000 12 000 
2   RID.52 5  00000 2 000 
2   RID.53 18  0 18 000 
2   RID.54 15  00 18 000 
2   RID.55 15  000 15 000 
2   RID.56 19  000 13 000 
2   RID.57 19  000 21 000 
2   RID.58 21  000 15 00 
2   RID.59 19  111 19 11 
2   RID.60 1  1 2 100 
2   RID.61 18  000 21 0 
2   RID.62 22  000 18 000 
1   RID.63 19 000 
2   RID.64 21  000 17 0 
2   RID.65 18  0 21 000 
2   RID.66 18  00 15 000 
2   RID.67 18  0 16 00 
2   RID.68 21  0 19 00 
2   RID.69 17  0 15 000 
2   RID.70 20  00 16 00 
1   RID.71 4  000000 
2   RID.72 15  000 2 0000 
2   RID.73 19  000 22 000 
2   RID.74 2  000 3 0000 
1   RID.75 22  000 
2   RID.76 21  0000 19 00 
1   RID.77 2  000 
2   RID.78 18  0 18 000 
2   RID.79 2  000 5 00000 
1   RID.80 2  101 
2   RID.81 20  00 19 000 
2   RID.82 1  0 8 00 
2   RID.83 22  000 19 000 
1   RID.84 5  00000 
2   RID.85 2  00 5 00000 
2   RID.86 18  000 21 00 
2   RID.87 18  000 17 0 
2   RID.88 18  0 10 0000 
2   RID.89 10  00000 16 00 
2   RID.90 18  00 18 000 
2   RID.91 1  1 10 00000 
2   RID.92 11  0000 25 000 
2   RID.93 20  00 20 00 
1   RID.94 2  000 
2   RID.95 18  000 18 0 
2   RID.96 18  000 18 0 
1   RID.97 13 000 
2   RID.98 2  000 10 00 
2   RID.99 10  00000 18 0 
2   RID.100 19  111 18 1 
1   RID.101 5  00000 
2   RID.102 19  000 22 000 
2   RID.103 14  111 18 11 
2   RID.104 3  00000 10 00 
2   RID.105 20  00 19 000 
1   RID.106 6 0000 
2   RID.107 12  111 21 1 
2   RID.108 10  0000 18 0 
2   RID.109 1  1 2 000 
2   RID.110 15  00 15 000 
2   RID.111 15  000 19 000 
2   RID.112 3  00000 1 1 
2   RID.113 15  000 18 000 
2   RID.114 1  00 6 0000 
2   RID.115 15  000 19 00 
2   RID.116 18  000 18 0 
2   RID.117 10  0000 1 10 
2   RID.118 15  000 16 00 
2   RID.119 15  111 12 111 
2   RID.120 17  0 10 10000 
2   RID.121 19  000 17 0 
2   RID.122 3  0000 2 000 
2   RID.123 1  100 10 00000 
1   RID.124 5 00000 
2   RID.125 10  11111 15 111 
2   RID.126 19  000 10 00 
1   RID.127 5 00000 
2   RID.128 17  0 19 00 
2   RID.129 3  0000 7 000 
2   RID.130 3  00000 1 1 
2   RID.131 3  00000 10 0000 
2   RID.132 18  000 22 000 
2   RID.133 17  0 10 000 
2   RID.134 18  0 18 000 
2   RID.135 3  00000 10 00 
1   RID.136 18  000 
2   RID.137 17  0 15 000 
1   RID.138 5 01111 
2   RID.139 15  000 15 00 
2   RID.140 10  00 17 0 
2   RID.141 5  00000 15 000 
2   RID.142 3  00000 5 00000 
2   RID.143 19  00 15 000 
2   RID.144 16  00 12 000 
1   RID.145 15  000 
2   RID.146 4  000000 2 000 
2   RID.147 9  00 2 00 
2   RID.148 21  000 18 00 
1   RID.149 17 0 
2   RID.150 3  00000 3 00000 
2   RID.151 18  000 23 000 
2   RID.152 10  00000 18 0 
1   RID.153 10  00000 
2   RID.154 18  000 18 000 
2   RID.155 17  0 22 000 
2   RID.156 15  000 15 000 
1   RID.157 5  10010 
2   RID.158 18  000 19 000 
1   RID.159 21 0 
2   RID.160 19  111 25 111 
2   RID.161 18  000 19 000 
2   RID.162 1  1 4 000000 
1   RID.163 25 000 
1   RID.164 15  000 
2   RID.165 18  000 17 0 
2   RID.166 3  0000 1 1 
2   RID.167 21  0 18 000 
2   RID.168 18  111 21 1 
1   RID.169 18  000 
2   RID.170 4  000000 1 1 
2   RID.171 1  1 4 00000 
2   RID.172 5  00000 2 000 
2   RID.173 18  000 18 000 
2   RID.174 5  11111 1 101 
2   RID.175 17  1 17 1 
2   RID.176 2  000 10 0 
2   RID.177 18  0 16 00 
2   RID.178 21  0 18 000 
2   RID.179 18  1 17 0 
2   RID.180 19  00 18 0 
2   RID.181 18  000 19 000 
1   RID.182 18  000 
2   RID.183 5  00000 1 100 
2   RID.184 15  000 13 000 
2   RID.185 5  00000 15 000 
2   RID.186 15  000 16 00 
2   RID.187 17  0 18 0 
2   RID.188 4  00000 1 1 
2   RID.189 21  00 18 0 
2   RID.190 4  00000 10 00000 
2   RID.191 18  1 17 0 
2   RID.192 3  00000 5 00000 
2   RID.193 10  00 18 0 
2   RID.194 21  1 12 011 
1   RID.195 3 10100 
2   RID.196 18  000 15 000 
2   RID.197 15  110 21 01 
2   RID.198 1  1 5 10000 
2   RID.199 1  10 3 00000 
1   RID.200 5 00000 
2   RID.201 5  11100 3 0111 
2   RID.202 1  10 3 0000 
2   RID.203 19  000 21 0 
2   RID.204 2  000 14 000 
1   RID.205 14 000 
1   RID.206 15 000 
2   RID.207 1  100 10 000 
2   RID.208 19  000 22 000 
1   RID.209 2  000 
2   RID.210 1  1 2 000 
2   RID.211 5  01111 2 110 
2   RID.212 21  1 12 011 
2   RID.213 22  000 19 000 
2   RID.214 1  100 10 00 
2   RID.215 9  00 3 0000 
1   RID.216 17  0 
2   RID.217 15  000 18 0 
1   RID.218 18  00 
2   RID.219 21  000 17 0 
2   RID.220 21  000 19 000 
2   RID.221 18  0 18 000 
2   RID.222 2  000 1 000 
2   RID.223 18  111 25 111 
2   RID.224 18  0 15 100 
2   RID.225 19  11 19 111 
2   RID.226 15  101 15 100 
2   RID.227 2  0000 3 00000 
2   RID.228 18  000 18 0 
2   RID.229 3  0000 5 00000 
2   RID.230 4  000000 1 100 
2   RID.231 3  0000 10 00000 
2   RID.232 9  00 18 0 
2   RID.233 15  00 1 1 
2   RID.234 22  000 15 000 
2   RID.235 15  000 15 000 
2   RID.236 15  000 24 000 
2   RID.237 5  11111 1 0 
2   RID.238 27  0 19 100 
2   RID.239 15  000 27 0 
2   RID.240 2  00 5 00000 
2   RID.241 19  00 18 000 
2   RID.242 10  00 15 000 
1   RID.243 18 000 
2   RID.244 1  1 5 00000 
2   RID.245 2  000 16 00 
2   RID.246 22  000 19 000 
2   RID.247 17  0 17 0 
2   RID.248 2  000 9 00 
2   RID.249 1  1 5 00000 
2   RID.250 3  0001 3 1110 
2   RID.251 18  0 19 00 
2   RID.252 14  111 18 11 
2   RID.253 18  000 24 000 
2   RID.254 18  111 21 11 
2   RID.255 2  000 1 1 
2   RID.256 18  0 21 0 
2   RID.257 17  0 9 00 
2   RID.258 18  0 16 00 
2   RID.259 18  00 10 00000 
2   RID.260 21  000 18 000 
1   RID.261 20  00 
2   RID.262 19  000 21 0 
2   RID.263 10  00000 16 00 
2   RID.264 10  10 3 0111 
2   RID.265 1  0 10 10000 
2   RID.266 27  0 18 00 
1   RID.267 15 000 
2   RID.268 15  000 10 00000 
2   RID.269 2  111 5 11111 
2   RID.270 18  000 14 000 
2   RID.271 22  000 18 000 
2   RID.272 2  000 5 00000 
1   RID.273 12 000 
2   RID.274 15  000 20 00 
2   RID.275 13  000 18 0 
2   RID.276 5  00000 1 0 
2   RID.277 20  00 19 000 
2   RID.278 20  11 18 1 
2   RID.279 15  000 13 000 
1   RID.280 3  0000 
2   RID.281 2  010 7 011 
2   RID.282 15  000 18 0 
2   RID.283 18  000 18 00 
2   RID.284 2  000 3 00000 
2   RID.285 16  11 25 111 
1   RID.286 21 100 
2   RID.287 2  000 1 000 
2   RID.288 20  00 21 000 
2   RID.289 18  0 15 00 
2   RID.290 10  0000 18 0 
2   RID.291 2  000 3 00000 
1   RID.292 10 000 
1   RID.293 2  000 
2   RID.294 18  000 24 000 
2   RID.295 20  00 18 0 
2   RID.296 24  111 18 111 
2   RID.297 15  000 16 00 
2   RID.298 18  000 21 000 
2   RID.299 18  0 10 0000 
1   RID.300 2  000 
1   RID.301 2  000 
2   RID.302 15  000 15 000 
2   RID.303 21  00 15 000 
1   RID.304 21 010 
2   RID.305 21  0 18 000 
2   RID.306 18  000 21 0 
2   RID.307 21  0 19 000 
2   RID.308 18  0 21 000 
1   RID.309 10 00000 
2   RID.310 2  0000 6 0000 
1   RID.311 21 0 
2   RID.312 22  000 18 000 
2   RID.313 1  10 15 000 
1   RID.314 3 0000 
2   RID.315 18  0 22 000 
2   RID.316 2  000 3 00000 
