Number of Haplotypes 40
2   RID.0 30  0 33 1 
2   RID.1 33  1 34 1111 
2   RID.2 7  10000 9 0001000 
1   RID.3 12  01111 
2   RID.4 17  000000 1 100000 
2   RID.5 33  1 40 0 
2   RID.6 14  000010100 1 011011 
2   RID.7 30  0 34 111 
1   RID.8 12  10000 
2   RID.9 28  00 34 0000 
1   RID.10 1  100100 
2   RID.11 14  000010100 1 011011 
2   RID.12 13  00000 7 0000 
1   RID.13 12  0000 
2   RID.14 30  0 33 0 
2   RID.15 14  101001111 14 111111101 
2   RID.16 34  01111 31 111 
2   RID.17 16  1101000 7 0010101 
2   RID.18 12  100000 19 00011 
1   RID.19 39  0 
1   RID.20 34  0 
2   RID.21 30  0 33 10 
1   RID.22 14  00000 
2   RID.23 14  011101011 15 11101000 
2   RID.24 7  1000 14 00000 
2   RID.25 9  000001 4 1001 
2   RID.26 14  00000 17 000001 
1   RID.27 35 11110 
2   RID.28 18  01010 1 100000 
2   RID.29 14  110110011 1 111011 
2   RID.30 15  00000000 7 00000 
2   RID.31 30  0 34 0 
2   RID.32 10  101111 15 11101000 
2   RID.33 15  10101010 1 0000001 
2   RID.34 17  000000 12 0010 
2   RID.35 14  111111110 20 0001 
2   RID.36 33  1 40 1 
2   RID.37 12  0000 7 00000 
2   RID.38 8  000000 18 00000 
2   RID.39 7  10000 14 000000000 
2   RID.40 34  00000 33 0 
2   RID.41 14  111111001 14 111101011 
2   RID.42 12  10000 12 00000 
2   RID.43 20  0001 12 1010 
1   RID.44 1 00 
2   RID.45 31  111 35 11000 
2   RID.46 14  1111 14 1111 
1   RID.47 40 1 
2   RID.48 11  10111 23 10 
2   RID.49 16  0000000 12 00000 
2   RID.50 16  0000000 8 000000 
1   RID.51 12  001000 
2   RID.52 16  0000000 7 00000 
2   RID.53 8  000000 25 00 
2   RID.54 7  1000010 12 00000 
1   RID.55 1 111011 
2   RID.56 12  0010 14 00000 
1   RID.57 3 00001 
2   RID.58 7  10011 20 1000 
2   RID.59 33  0 31 001 
2   RID.60 15  00000001 29 1 
2   RID.61 14  100000 15 00000000 
2   RID.62 16  0000000 7 00000 
1   RID.63 7  10000 
2   RID.64 31  11 37 100 
2   RID.65 33  1 35 01110 
2   RID.66 7  10000 16 0000000 
2   RID.67 12  10000 7 00000 
2   RID.68 17  000001 1 100000 
2   RID.69 7  000000 25 00 
2   RID.70 13  01000 1 10010 
1   RID.71 40  0 
2   RID.72 1  000100 23 01 
2   RID.73 31  111 35 11000 
2   RID.74 7  0000000 12 00000 
2   RID.75 38  00 33 0 
2   RID.76 3  00001 14 100000001 
1   RID.77 12 10000 
2   RID.78 20  0001 14 111111110 
2   RID.79 12  01111 24 11 
2   RID.80 14  0000 7 0000010 
1   RID.81 33 0 
2   RID.82 12  00000 15 00000000 
2   RID.83 15  11101000 10 001111 
2   RID.84 1  10101 14 110110010 
2   RID.85 8  001101 16 1010100 
2   RID.86 12  000001 12 111111 
2   RID.87 35  00000 30 000 
2   RID.88 12  011111 16 1101000 
1   RID.89 1 100000 
2   RID.90 23  11 9 10000 
2   RID.91 12  0111 17 110100 
2   RID.92 14  111111111 14 11111 
1   RID.93 31 100 
2   RID.94 11  00010 17 000000 
2   RID.95 14  00000000 14 000000 
2   RID.96 33  0 31 000 
2   RID.97 7  1110101 14 111111001 
2   RID.98 12  00000 19 00000 
2   RID.99 14  100000000 9 00000 
2   RID.100 15  10101010 11 00111 
1   RID.101 34  0 
2   RID.102 12  01111 1 111011 
2   RID.103 7  10011 20 1000 
1   RID.104 31  001 
2   RID.105 33  1 34 1 
2   RID.106 12  01111 12 1111 
1   RID.107 39  0 
1   RID.108 33 1 
2   RID.109 33  10 30 011 
1   RID.110 12 10100 
2   RID.111 33  1 34 0111 
2   RID.112 4  00010 12 000000 
2   RID.113 11  00010 1 100100 
2   RID.114 8  000000 7 0000 
2   RID.115 7  00000 11 00000 
2   RID.116 16  0010100 14 011111110 
2   RID.117 12  00100 17 000000 
2   RID.118 14  11111 12 1111 
1   RID.119 1  10000 
2   RID.120 14  111111001 9 11111 
2   RID.121 31  001 33 1 
2   RID.122 33  11 31 111 
2   RID.123 33  0 30 1 
2   RID.124 18  00000 12 000000 
2   RID.125 31  01 33 1 
2   RID.126 23  00 14 001111101 
2   RID.127 13  01000 18 00000 
1   RID.128 33  10 
2   RID.129 33  1 34 011 
2   RID.130 28  00 33 00 
2   RID.131 16  0000000 12 00000 
2   RID.132 35  11111 33 1 
2   RID.133 31  001 35 10000 
1   RID.134 3 00001 
2   RID.135 30  001 33 1 
2   RID.136 33  1 34 11111 
2   RID.137 12  0000 8 000000 
2   RID.138 30  111 33 10 
2   RID.139 1  100000 9 00000 
2   RID.140 24  101 7 1000 
2   RID.141 7  0000000 1 100000 
1   RID.142 7 00000 
2   RID.143 7  1010101 14 111110111 
1   RID.144 16  0000000 
2   RID.145 9  0000010 1 100100 
2   RID.146 12  10000 22 01 
2   RID.147 23  00 14 000000000 
2   RID.148 35  11000 33 0 
2   RID.149 7  1000010 14 00000 
2   RID.150 16  0000000 23 01 
2   RID.151 11  00000 7 00000 
2   RID.152 15  00000000 7 00000 
2   RID.153 33  0 31 001 
1   RID.154 34  0 
2   RID.155 9  000001 17 100000 
2   RID.156 15  11101000 1 01111 
2   RID.157 18  00000 7 000000 
2   RID.158 12  011111 8 110101 
2   RID.159 14  011011101 14 111111101 
2   RID.160 14  110010111 11 10111 
2   RID.161 23  10 14 000000001 
2   RID.162 37  000 30 000 
2   RID.163 9  000001 1 100100 
2   RID.164 13  00000 7 00000 
2   RID.165 14  100000000 7 00000 
2   RID.166 7  0000000 1 100000 
2   RID.167 14  111111111 16 1010100 
1   RID.168 12  0111 
2   RID.169 16  0010100 6 010 
2   RID.170 12  00000 9 000000 
2   RID.171 31  000 33 0 
2   RID.172 33  0 38 00 
2   RID.173 25  01 9 1000010 
2   RID.174 30  001 33 1 
2   RID.175 14  100000 15 00000000 
2   RID.176 33  1 40 0 
2   RID.177 12  001000 16 0000000 
2   RID.178 33  0 38 00 
1   RID.179 34  000 
2   RID.180 35  11110 33 01 
2   RID.181 9  000001 17 100000 
2   RID.182 1  00 14 000000000 
2   RID.183 12  01111 12 11111 
2   RID.184 5  0000 12 00000 
2   RID.185 7  10000 11 01000 
2   RID.186 11  00000 1 100000 
2   RID.187 25  10 9 000000 
