142
23
2   RID.0 15  10000 8 000000010 
2   RID.1 7  100000 8 000000010 
2   RID.2 6  1 13 011011 
2   RID.3 8  100100 15 00111 
2   RID.4 19  0 7 111001 
2   RID.5 6  01 17 100 
2   RID.6 8  10100011 19 1 
2   RID.7 8  1001001 9 10100110 
2   RID.8 7  011001 4 10 
2   RID.9 8  100100110 15 00111 
2   RID.10 6  10 17 000 
2   RID.11 13  001000 19 0 
2   RID.12 4  01 8 100100110 
2   RID.13 8  101000111 15 11111 
2   RID.14 12  0011111 6 1010100 
2   RID.15 6  0 13 001000 
2   RID.16 1  101 8 1010001 
2   RID.17 20  0 13 111011 
1   RID.18 8 110011000 
2   RID.19 23  0 8 0000000 
2   RID.20 6  1011001 6 1 
2   RID.21 17  100 13 011111 
2   RID.22 6  1 8 100100110 
2   RID.23 6  10 13 0000000 
2   RID.24 6  1 20 0 
2   RID.25 10  0000010 6 01 
2   RID.26 7  010010 6 0 
2   RID.27 11  1001101 15 10111 
2   RID.28 4  10 6 001100 
2   RID.29 8  110011000 21 01 
2   RID.30 18  00 7 010100 
1   RID.31 6  01 
1   RID.32 13  0010000 
2   RID.33 7  010010 17 011 
2   RID.34 4  00 20 0 
2   RID.35 6  101100 13 000000 
1   RID.36 8  101000111 
2   RID.37 8  100100110 6 0010 
2   RID.38 20  10 6 010 
2   RID.39 6  10 13 0111111 
2   RID.40 6  0 10 10000100 
1   RID.41 8  000000 
2   RID.42 23  1 8 001000111 
2   RID.43 6  1011 7 111001 
1   RID.44 6 10 
2   RID.45 6  10 20 0 
2   RID.46 6  1010100 22 01 
2   RID.47 6  10 20 0 
2   RID.48 13  1000000 7 011001 
2   RID.49 6  10 7 010010 
2   RID.50 6  01 16 1000 
2   RID.51 6  10 6 00 
2   RID.52 8  100100110 4 01 
2   RID.53 5  0 9 11000111 
2   RID.54 13  0111111 6 10 
2   RID.55 8  00000 7 000000 
2   RID.56 19  0 6 01 
2   RID.57 4  00 9 00000010 
2   RID.58 8  011111011 8 100000010 
2   RID.59 16  0000 6 00 
2   RID.60 8  100100110 4 01 
2   RID.61 6  01000 6 01 
2   RID.62 6  101 8 1010001 
2   RID.63 14  111111 6 1010 
2   RID.64 6  10100 6 0 
2   RID.65 20  0 4 01 
2   RID.66 10  00110000 6 0 
2   RID.67 6  10 6 00110 
2   RID.68 8  100100110 21 00 
1   RID.69 7 010010 
2   RID.70 6  10 19 0 
2   RID.71 19  0 8 0010001 
2   RID.72 13  011011 12 101101 
2   RID.73 8  1100110 6 00 
2   RID.74 8  110011000 11 0110000 
2   RID.75 7  010100 20 0 
1   RID.76 6 00 
2   RID.77 18  00 6 01 
2   RID.78 13  100000 6 0011001 
2   RID.79 13  011011 6 1 
1   RID.80 7 110010 
1   RID.81 6 010 
2   RID.82 6  1 8 010011000 
2   RID.83 13  001000 4 00 
2   RID.84 7  010010 19 0 
2   RID.85 17  111 1 10100 
2   RID.86 8  100100110 20 01 
2   RID.87 8  100100110 8 0001001 
2   RID.88 20  010 13 011011 
2   RID.89 8  0000000 1 11000 
2   RID.90 15  11111 6 10 
2   RID.91 6  10 17 000 
2   RID.92 5  0 13 011111 
2   RID.93 19  1 13 111011 
2   RID.94 15  10111 8 100100 
1   RID.95 19  0 
2   RID.96 21  10 8 000100110 
1   RID.97 6  10 
2   RID.98 21  100 9 00100110 
2   RID.99 20  1 8 000000010 
1   RID.100 13 000000 
2   RID.101 8  1100110 6 0 
2   RID.102 5  0 8 001000111 
2   RID.103 6  1 20 1 
1   RID.104 12  0001000 
2   RID.105 4  00 18 00 
1   RID.106 8  1100110 
1   RID.107 7  010100 
1   RID.108 9 00100110 
2   RID.109 17  111 6 10 
1   RID.110 8 0001001 
2   RID.111 13  1000000 6 0 
2   RID.112 1  11000 11 0000100 
1   RID.113 8 00000001 
2   RID.114 6  0 13 1010000 
2   RID.115 17  000 12 0001000 
2   RID.116 8  000000010 8 001110011 
2   RID.117 8  000000010 7 000000 
2   RID.118 20  0 6 00 
2   RID.119 21  100 9 00100110 
2   RID.120 6  10110 6 00 
2   RID.121 8  000000010 6 01 
2   RID.122 7  011001 4 10 
2   RID.123 6  0 6 0100 
2   RID.124 16  0111 8 100100110 
2   RID.125 18  00 6 0 
2   RID.126 8  0000000 17 000 
2   RID.127 8  100100110 7 010010 
2   RID.128 12  0011111 19 1 
2   RID.129 13  100011 15 10000 
1   RID.130 19  0 
2   RID.131 4  00 15 00000 
2   RID.132 6  0100000 7 000000 
2   RID.133 4  10 19 0 
1   RID.134 6 010 
2   RID.135 7  100000 17 000 
2   RID.136 20  01 8 101100110 
2   RID.137 6  1011001 6 1 
2   RID.138 7  100000 7 000000 
2   RID.139 1  101 8 1010001 
1   RID.140 7 110100 
2   RID.141 8  000000010 4 00 
