199
25
2   RID.0 16  0 17 01 
2   RID.1 15  1 10 101 
2   RID.2 17  01 5 10111 
2   RID.3 15  1 17 1001001 
2   RID.4 15  1 14 11 
2   RID.5 13  000 13 000 
2   RID.6 4  000111 13 10 
2   RID.7 16  10 11 0010 
2   RID.8 13  00 15 00 
2   RID.9 11  000 17 00 
2   RID.10 14  11 10 1010 
2   RID.11 10  0010 16 01 
2   RID.12 12  010 15 0 
2   RID.13 13  00 16 00 
2   RID.14 8  10110 14 01 
2   RID.15 15  1 14 11 
2   RID.16 15  00 10 000 
2   RID.17 13  001 15 11 
2   RID.18 13  011 10 101 
2   RID.19 15  1 17 11100 
2   RID.20 10  0000 16 0 
2   RID.21 15  11 17 10 
2   RID.22 15  0 24 01 
2   RID.23 14  01 15 11 
2   RID.24 15  1 18 101001 
2   RID.25 8  10000 14 01 
2   RID.26 8  0100 16 0 
2   RID.27 13  000 14 00 
2   RID.28 15  11 7 1100 
2   RID.29 13  00 8 0000 
2   RID.30 3  0000 14 01 
2   RID.31 12  101 15 1 
2   RID.32 17  00001 13 10 
2   RID.33 13  000 9 0000 
2   RID.34 7  01011 14 11 
2   RID.35 7  01011 13 10 
2   RID.36 3  000 16 0 
2   RID.37 14  01 6 1010 
2   RID.38 15  1 19 01001 
2   RID.39 13  001 16 10 
2   RID.40 15  1 13 01 
2   RID.41 16  1 15 1 
2   RID.42 16  0 15 10 
2   RID.43 14  01 14 11 
2   RID.44 15  1 13 10 
2   RID.45 16  10 8 0011 
2   RID.46 17  00 13 00 
2   RID.47 14  11 14 11 
2   RID.48 14  01 16 1 
2   RID.49 13  01 16 1 
2   RID.50 15  11 13 101 
2   RID.51 14  11 14 10 
2   RID.52 13  00 15 00 
2   RID.53 16  0 22 00 
2   RID.54 14  01 9 1000 
2   RID.55 15  00 10 0000 
2   RID.56 13  10 16 00 
2   RID.57 13  00 22 01 
2   RID.58 11  0000 15 01 
2   RID.59 13  01 13 11 
2   RID.60 8  01000 15 00 
2   RID.61 13  00 10 000 
2   RID.62 15  1 15 0 
2   RID.63 13  01 15 1 
2   RID.64 13  01 17 10010 
2   RID.65 10  0000 15 0 
2   RID.66 10  0010 16 0 
2   RID.67 9  0000 15 01 
2   RID.68 13  00 16 0 
2   RID.69 7  1100 16 01 
2   RID.70 10  1101 15 1 
2   RID.71 16  1 14 11 
2   RID.72 15  00 16 0 
2   RID.73 10  0000 15 00 
2   RID.74 16  11 7 1100 
2   RID.75 14  01 15 11 
2   RID.76 14  01 15 1 
2   RID.77 13  10 16 0 
2   RID.78 16  0 10 0000 
2   RID.79 16  0 8 0100 
2   RID.80 3  00001 13 10 
2   RID.81 13  00 17 00001 
2   RID.82 15  00 10 0000 
2   RID.83 17  01100 15 01 
2   RID.84 14  00 15 0 
2   RID.85 14  01 8 10110 
2   RID.86 7  00100 13 00 
2   RID.87 7  0010 15 00 
2   RID.88 8  1011 13 101 
2   RID.89 13  011 16 11 
2   RID.90 24  00 14 01 
2   RID.91 15  0 14 10 
2   RID.92 15  11 14 11 
2   RID.93 15  1 6 10101 
2   RID.94 14  11 3 1100 
2   RID.95 14  01 8 10110 
2   RID.96 15  1 14 01 
1   RID.97 15 1 
2   RID.98 13  01 15 1 
2   RID.99 13  000 14 00 
2   RID.100 16  1 14 01 
2   RID.101 13  10 13 00 
2   RID.102 13  10 4 000111 
2   RID.103 15  11 16 1 
2   RID.104 15  0 8 11000 
1   RID.105 15  1 
2   RID.106 15  11 11 1000 
2   RID.107 8  1000 13 00 
2   RID.108 17  01 13 10 
2   RID.109 13  00 14 01 
2   RID.110 13  001 16 1 
2   RID.111 24  01 14 10 
2   RID.112 13  011 15 1 
2   RID.113 8  1000 15 0 
2   RID.114 7  0010 15 0 
2   RID.115 16  1 10 0010 
2   RID.116 19  10001 13 10 
2   RID.117 17  0 13 00 
2   RID.118 10  000 16 0 
2   RID.119 13  00 10 0000 
2   RID.120 8  10110 12 010 
2   RID.121 17  00 11 000 
2   RID.122 17  01100 12 010 
2   RID.123 16  11 14 11 
2   RID.124 15  0 9 1000 
2   RID.125 13  00 13 000 
2   RID.126 13  00 10 0000 
2   RID.127 15  0 16 0 
2   RID.128 10  0010 13 01 
2   RID.129 13  00 10 000 
2   RID.130 18  001001 10 101 
2   RID.131 10  001 13 111 
2   RID.132 12  101 13 11 
2   RID.133 13  10 16 0 
2   RID.134 13  000 3 0001 
2   RID.135 22  10 10 0000 
2   RID.136 16  00 16 0 
2   RID.137 8  01000 15 00 
2   RID.138 14  01 16 10 
2   RID.139 6  1001 14 10 
2   RID.140 15  00 14 00 
2   RID.141 15  00 4 001001 
2   RID.142 13  01 13 11 
2   RID.143 15  1 16 1 
2   RID.144 6  00101 15 1 
2   RID.145 16  1 16 1 
2   RID.146 13  000 9 0000 
2   RID.147 14  01 14 11 
2   RID.148 16  0 22 10 
2   RID.149 15  00 6 00010 
2   RID.150 8  01000 13 00 
2   RID.151 12  010 17 01100 
2   RID.152 18  001001 15 1 
2   RID.153 8  01000 12 000 
2   RID.154 10  001 14 11 
2   RID.155 11  0000 14 00 
2   RID.156 16  1 15 0 
2   RID.157 15  1 3 0100 
2   RID.158 15  11 3 1100 
2   RID.159 15  1 10 001 
2   RID.160 10  0000 17 0110001 
2   RID.161 17  00 15 00 
2   RID.162 10  1101 14 11 
2   RID.163 13  011 14 11 
2   RID.164 1  00 14 01 
2   RID.165 8  10110 14 01 
2   RID.166 14  11 14 11 
2   RID.167 16  1 15 1 
2   RID.168 17  01100 13 00 
2   RID.169 15  1 15 0 
2   RID.170 3  1100 13 01 
2   RID.171 13  00 15 00 
2   RID.172 13  00 22 01 
2   RID.173 3  000 13 001 
2   RID.174 12  010 17 01100 
2   RID.175 15  00 17 00 
2   RID.176 15  1 15 0 
2   RID.177 13  10 16 0 
2   RID.178 13  001 13 101 
2   RID.179 10  000 13 00 
2   RID.180 17  00001 14 10 
2   RID.181 15  11 11 110 
2   RID.182 15  00 16 00 
2   RID.183 11  000 16 0 
2   RID.184 13  101 16 10 
2   RID.185 10  0000 13 00 
2   RID.186 15  11 17 10 
2   RID.187 4  0001 11 1010 
2   RID.188 15  11 13 11 
2   RID.189 16  1 9 1000 
2   RID.190 11  0101 13 11 
2   RID.191 10  001 16 1 
2   RID.192 17  10 14 01 
2   RID.193 14  01 19 10001 
2   RID.194 18  110001 14 11 
2   RID.195 14  01 6 1010 
2   RID.196 6  01100 13 01 
2   RID.197 13  01 16 11 
2   RID.198 11  0101 15 11 
