169
44
2   RID.0 30  001 35 100 
2   RID.1 33  00000 30 0000 
2   RID.2 38  000100 30 0000 
2   RID.3 30  1000 38 0 
2   RID.4 28  00001 23 1000000 
2   RID.5 27  10001 33 11011 
2   RID.6 30  1000 7 001100100000001 
2   RID.7 8  000010010000001 30 1000 
2   RID.8 32  000000 27 000110 
2   RID.9 32  100000 16 00000000000 
2   RID.10 28  00000 32 01011 
2   RID.11 33  11100 22 011011 
2   RID.12 28  00001 30 1010 
2   RID.13 12  000000101011101 38 11 
2   RID.14 30  1000 38 0 
2   RID.15 30  1000 38 0 
2   RID.16 30  0000 18 000011101 
2   RID.17 5  0000000000000 32 0001 
2   RID.18 30  0001 25 100000 
2   RID.19 33  00000 30 0000 
2   RID.20 22  111011 32 1001 
2   RID.21 23  0000000 31 0010 
2   RID.22 28  00000 5 0001000000111 
2   RID.23 28  10000 22 000000 
2   RID.24 30  0000 40 0001 
2   RID.25 23  0000010 34 0000 
2   RID.26 33  01000 28 00000 
2   RID.27 12  111111111111110 32 0101 
2   RID.28 30  000 27 00000 
2   RID.29 33  01000 28 00000 
2   RID.30 22  101010 28 00000 
2   RID.31 9  00000000001001 30 1000 
2   RID.32 38  11 28 10001 
2   RID.33 22  000000 40 0100 
2   RID.34 16  00000111101 28 10110 
2   RID.35 7  000000000000000 27 000000 
2   RID.36 31  0100 22 000000 
2   RID.37 27  011110 38 011111 
2   RID.38 35  110 12 011111111111110 
2   RID.39 30  1000 38 0 
2   RID.40 28  00001 33 10000 
2   RID.41 30  011 18 100111101 
2   RID.42 32  0000 30 000 
2   RID.43 28  00000 30 0000 
2   RID.44 23  0000000 40 0001 
2   RID.45 32  000000 30 0000 
2   RID.46 28  00110 33 00000 
2   RID.47 27  00111 32 1101 
2   RID.48 33  00000 10 000000000000111 
2   RID.49 30  0001 33 10110 
2   RID.50 27  000000 33 00110 
2   RID.51 30  0001 27 10000 
2   RID.52 30  000 32 0101 
2   RID.53 33  00000 30 0000 
2   RID.54 30  1101 38 11101 
2   RID.55 31  0010 38 0 
2   RID.56 27  000000 17 0000011101 
2   RID.57 14  0000000011101 31 1010 
2   RID.58 30  0001 40 1011 
2   RID.59 28  00000 14 0000000011101 
2   RID.60 38  11 22 101010 
2   RID.61 31  0000 28 00000 
2   RID.62 11  0100100000011101 30 1000 
2   RID.63 31  000 31 001 
2   RID.64 26  00000 38 01111 
2   RID.65 31  1000 27 011110 
2   RID.66 6  01000010010000 30 0000 
2   RID.67 24  0010000 34 0110 
2   RID.68 31  0000 25 000000 
2   RID.69 9  00010010000001 28 10000 
2   RID.70 30  0000 31 0000 
2   RID.71 33  00000 24 0000000 
2   RID.72 8  11111011011110 28 01010 
2   RID.73 23  0000000 38 01 
2   RID.74 23  0000000 33 00000 
2   RID.75 27  01111 38 100100 
2   RID.76 23  0000000 27 000000 
2   RID.77 10  001001000000111 28 10000 
2   RID.78 32  0000 31 000 
2   RID.79 29  0000 33 01000 
2   RID.80 33  00000 24 0000000 
2   RID.81 31  0000 28 00000 
2   RID.82 7  000010010100000 30 0101 
2   RID.83 28  00000 22 0000010 
2   RID.84 29  0000 10 01101010000000 
2   RID.85 32  010011 28 10000 
2   RID.86 32  0001 30 1111 
2   RID.87 22  101100 30 000 
2   RID.88 1  0111 27 100000 
2   RID.89 38  10 28 00000 
2   RID.90 5  111111 33 10000 
2   RID.91 27  10001 33 11011 
2   RID.92 22  111011 31 1000 
2   RID.93 27  00000 32 0000 
2   RID.94 23  0000100 33 00000 
2   RID.95 24  0001000 30 0000 
2   RID.96 38  000100 27 01111 
2   RID.97 30  0000 30 000 
2   RID.98 36  001 28 10110 
2   RID.99 30  1000 35 000 
2   RID.100 28  00001 33 10000 
2   RID.101 30  0000 8 000010010000001 
2   RID.102 33  00001 27 11111 
2   RID.103 33  00110 23 0100011 
2   RID.104 30  0000 29 0000 
2   RID.105 33  10110 5 000100000 
2   RID.106 30  0010 29 0001 
2   RID.107 30  001 30 101 
2   RID.108 32  0001 22 101010 
2   RID.109 28  00000 25 000000 
2   RID.110 30  0000 30 000 
2   RID.111 30  0000 14 0000010011101 
2   RID.112 38  000110 28 01010 
2   RID.113 27  01000 32 000001 
2   RID.114 27  00000 33 00000 
2   RID.115 27  000001 27 10000 
2   RID.116 2  000 27 000000 
2   RID.117 22  101010 33 00000 
2   RID.118 33  00000 18 010011101 
2   RID.119 28  00110 33 00000 
2   RID.120 27  00000 33 00000 
2   RID.121 38  000100 27 01111 
2   RID.122 28  00110 33 00000 
2   RID.123 22  0000001 32 101000 
2   RID.124 32  0000 30 000 
2   RID.125 32  0100 27 00000 
2   RID.126 30  1100 33 00001 
2   RID.127 30  0001 22 101010 
2   RID.128 30  1111 33 10110 
2   RID.129 22  101010 30 0000 
2   RID.130 31  001 28 10000 
2   RID.131 28  11111 16 11000011111 
2   RID.132 27  000000 32 010110 
2   RID.133 15  001000011111 32 1000 
2   RID.134 8  00000000000000 30 0101 
2   RID.135 28  00000 27 00000 
2   RID.136 33  00000 16 00000000000 
2   RID.137 38  11101 30 101 
2   RID.138 30  0000 38 01 
2   RID.139 5  1011011011010 27 000110 
2   RID.140 34  1000 18 000000000 
2   RID.141 33  00000 10 0000000001001 
2   RID.142 22  0000001 32 101000 
2   RID.143 33  00000 27 000000 
2   RID.144 9  00000000000001 30 100 
2   RID.145 24  0000000 30 000 
2   RID.146 28  00000 22 011111 
2   RID.147 28  10000 5 0000001 
2   RID.148 31  0010 5 000100 
2   RID.149 27  000001 43 11 
2   RID.150 30  0001 25 100000 
2   RID.151 22  000000 38 011 
2   RID.152 32  01011 5 1001000000 
2   RID.153 38  11 22 10000000 
2   RID.154 27  00000 28 00000 
2   RID.155 27  00010 33 01111 
2   RID.156 30  1110 5 001110 
2   RID.157 22  0000001 38 11110 
2   RID.158 30  0000 32 0000 
2   RID.159 28  10000 38 0 
2   RID.160 30  1000 38 0 
2   RID.161 11  0000001000011111 33 10001 
2   RID.162 23  0000000 5 000000000 
2   RID.163 30  111 27 10011 
2   RID.164 16  00000011111 30 1111 
2   RID.165 22  100001 27 100000 
2   RID.166 30  0000 22 00000000 
2   RID.167 31  0001 7 100010010100000 
2   RID.168 27  0000 30 0010 
