113
20
2   RID.0 3  110 17 01 
1   RID.1 15  0010 
1   RID.2 7 0010000 
2   RID.3 10  000111 15 1000 
1   RID.4 15  1101 
2   RID.5 13  111110 19 01 
2   RID.6 13  001111 16 110 
1   RID.7 15  1000 
1   RID.8 15  1101 
1   RID.9 7  0101000 
1   RID.10 15  1000 
2   RID.11 15  0000 7 000000 
1   RID.12 6 010100 
2   RID.13 13  001110 15 0000 
2   RID.14 18  1 9 001100 
1   RID.15 7  010100 
1   RID.16 14  01111 
1   RID.17 12  00011 
2   RID.18 17  00 19 00 
1   RID.19 9 000011 
2   RID.20 19  10 16 010 
1   RID.21 7 0000001 
1   RID.22 17 11 
1   RID.23 10  01100 
1   RID.24 19 00 
1   RID.25 15 0000 
2   RID.26 17  00 19 0 
2   RID.27 16  101 17 11 
1   RID.28 17 10 
1   RID.29 15  1000 
1   RID.30 12  10011 
2   RID.31 16  101 15 1101 
1   RID.32 12  10011 
1   RID.33 6  010100 
1   RID.34 16 010 
1   RID.35 7  0101000 
2   RID.36 19  10 16 010 
2   RID.37 19  01 17 10 
2   RID.38 12  01111 19 1 
1   RID.39 12 10011 
1   RID.40 16  000 
1   RID.41 19  00 
1   RID.42 17  01 
1   RID.43 17 11 
1   RID.44 15 1111 
2   RID.45 2  100 15 0000 
1   RID.46 5 0010 
1   RID.47 3 0010 
1   RID.48 14 01110 
1   RID.49 13 001110 
2   RID.50 6  0101000 17 00 
2   RID.51 19  10 15 0101 
2   RID.52 16  101 9 101100 
1   RID.53 15  1101 
2   RID.54 19  00 15 0000 
1   RID.55 12  10011 
1   RID.56 3  110 
1   RID.57 1 110 
1   RID.58 12  00011 
2   RID.59 17  01 14 11110 
2   RID.60 17  01 19 10 
2   RID.61 13  1111 19 11 
2   RID.62 17  00 6 0000000 
1   RID.63 16 000 
2   RID.64 19  1 17 00 
2   RID.65 6  0100 19 00 
2   RID.66 17  01 3 110 
2   RID.67 17  10 9 010000 
2   RID.68 15  0010 15 0111 
1   RID.69 7 110100 
1   RID.70 16  000 
1   RID.71 15  0010 
1   RID.72 10  100001 
1   RID.73 12  10011 
1   RID.74 13 111110 
1   RID.75 10 011001 
1   RID.76 15  1000 
2   RID.77 16  000 12 01111 
2   RID.78 19  1 17 10 
2   RID.79 6  0101000 17 00 
1   RID.80 11 00111 
1   RID.81 7 100011 
1   RID.82 2  000 
2   RID.83 7  100011 19 1 
2   RID.84 17  00 19 00 
1   RID.85 12  00011 
2   RID.86 15  1110 19 0 
2   RID.87 13  001110 17 00 
1   RID.88 4  010 
2   RID.89 17  00 14 01110 
1   RID.90 8  1010000 
2   RID.91 17  01 14 11110 
2   RID.92 5  00101 19 10 
1   RID.93 6 000000 
2   RID.94 19  1 15 0110 
1   RID.95 6  010100 
2   RID.96 16  010 19 01 
2   RID.97 10  011001 19 11 
1   RID.98 4 100 
1   RID.99 14 01110 
1   RID.100 15 0110 
1   RID.101 15  1110 
1   RID.102 3 010 
2   RID.103 1  10 15 0101 
1   RID.104 17 10 
2   RID.105 15  1101 17 11 
1   RID.106 16  000 
1   RID.107 6  0010100 
2   RID.108 15  1000 14 01110 
2   RID.109 16  000 20 0 
2   RID.110 13  0011 19 10 
2   RID.111 6  0101000 17 00 
2   RID.112 15  0010 13 0011 
