Number of Haplotypes 24
2   RID.0 7  01 16 110 
2   RID.1 1  001011 9 1101 
2   RID.2 10  0000 14 00010 
2   RID.3 9  110 14 01001 
2   RID.4 19  10 4 0011 
2   RID.5 9  000 19 011 
2   RID.6 11  0000 6 001 
2   RID.7 19  0 12 100 
2   RID.8 12  1101 3 10011 
2   RID.9 8  01 12 110 
2   RID.10 9  110 13 01010 
2   RID.11 8  11 11 1111 
2   RID.12 19  10011 12 1110 
2   RID.13 10  1000 15 0100 
2   RID.14 7  01 10 1000 
2   RID.15 10  1011 12 111 
1   RID.16 12 10000 
2   RID.17 12  100010 10 0011 
2   RID.18 12  10011 12 11101 
2   RID.19 8  11 15 1101 
2   RID.20 14  00010 7 01 
2   RID.21 14  1010 24 0 
2   RID.22 14  00010 12 0000 
2   RID.23 19  10000 9 0101 
2   RID.24 5  0100 12 010 
2   RID.25 14  00010 9 000 
2   RID.26 10  0000 9 000 
2   RID.27 20  0000 10 0011 
2   RID.28 8  01 12 111 
2   RID.29 12  111 10 11001 
2   RID.30 1  01 10 10111 
2   RID.31 10  1000 11 0001 
1   RID.32 12 100 
2   RID.33 12  001 18 1 
2   RID.34 10  1100 12 010110 
2   RID.35 9  110 12 001 
2   RID.36 8  0 10 1100 
2   RID.37 12  110110 10 0100 
2   RID.38 14  00010 12 0000 
2   RID.39 8  0110 12 011 
2   RID.40 1  100001 10 1000 
2   RID.41 8  011 10 1011 
2   RID.42 14  10100 5 0100 
2   RID.43 12  000001 10 1000 
1   RID.44 19  1 
2   RID.45 7  01 10 1000 
2   RID.46 12  111 9 110 
2   RID.47 10  1100 12 010110 
2   RID.48 10  1000 8 01 
2   RID.49 8  01 14 11100 
2   RID.50 8  10 10 0000 
2   RID.51 8  01 12 11011 
2   RID.52 9  010 15 0100 
2   RID.53 12  000001 10 1000 
2   RID.54 14  00010 12 000 
2   RID.55 9  000 12 000001 
2   RID.56 8  10 15 0010 
2   RID.57 15  0010 12 000 
2   RID.58 12  001 10 1000 
2   RID.59 5  011 12 101 
2   RID.60 10  1000 5 011 
2   RID.61 10  0000 8 00 
2   RID.62 9  000 24 0 
2   RID.63 9  1110 10 0100 
2   RID.64 8  011 12 1110 
2   RID.65 9  110 1 111101 
2   RID.66 10  0000 5 011 
2   RID.67 9  1110 12 010110 
2   RID.68 19  10 12 0000 
2   RID.69 12  000 9 000 
2   RID.70 9  110 15 0101 
2   RID.71 8  10 10 0000 
2   RID.72 10  1100 12 010 
2   RID.73 5  1111 19 1 
2   RID.74 9  000 14 00010 
2   RID.75 12  001 1 101101 
2   RID.76 12  001 12 111 
2   RID.77 9  000 14 00010 
2   RID.78 8  01 16 101 
2   RID.79 8  10 15 0010 
2   RID.80 9  111 22 100 
2   RID.81 10  10001 10 1000 
1   RID.82 8  1000 
1   RID.83 14  01100 
2   RID.84 5  0111 14 11100 
2   RID.85 18  0 12 000 
2   RID.86 14  0110 12 010110 
2   RID.87 12  000 8 00 
2   RID.88 8  1000 12 000 
1   RID.89 12  000 
2   RID.90 8  0110 9 010 
2   RID.91 5  0100 10 0100 
2   RID.92 7  11 10 10111 
2   RID.93 9  1101 8 111 
2   RID.94 12  100 12 000010 
1   RID.95 14  00010 
2   RID.96 12  1000 19 00 
2   RID.97 14  00010 8 00 
2   RID.98 9  111 10 1100 
2   RID.99 18  0 12 010 
2   RID.100 10  1011 9 110 
2   RID.101 12  000 19 0 
2   RID.102 19  1 9 010 
2   RID.103 8  01 10 11001 
2   RID.104 14  00010 9 000 
2   RID.105 23  01 12 100 
2   RID.106 7  11 15 1101 
1   RID.107 1 1111011 
2   RID.108 5  0001 13 10001 
2   RID.109 9  110 16 000 
2   RID.110 15  0010 12 000 
2   RID.111 9  111 18 1 
2   RID.112 9  110 14 00100 
2   RID.113 9  110 14 00100 
2   RID.114 12  111 10 1011 
2   RID.115 10  1011 1 11100 
2   RID.116 15  0101 9 110 
2   RID.117 6  001 9 100 
2   RID.118 10  0000 8 00 
2   RID.119 9  111 12 1101 
2   RID.120 7  01 10 1000 
2   RID.121 5  0100 10 0100 
2   RID.122 3  10011 20 10000 
2   RID.123 12  110110 15 0100 
2   RID.124 3  11011 14 10100 
2   RID.125 8  11 10 1011 
2   RID.126 12  111 12 1000 
2   RID.127 1  1110011 12 110 
2   RID.128 12  0000 10 0000 
2   RID.129 12  001 15 1100 
2   RID.130 12  111 19 1001 
2   RID.131 12  110110 10 0100 
2   RID.132 20  00000 13 00110 
2   RID.133 9  0000 14 0001 
