Number of Haplotypes 25
2   RID.0 21  0010 13 0000 
2   RID.1 20  0 15 00000 
2   RID.2 10  00100 13 0000 
2   RID.3 10  0010 10 0010000 
2   RID.4 3  1010111 17 110 
2   RID.5 19  10 10 0010 
2   RID.6 3  111 17 100 
2   RID.7 14  00000 21 0000 
2   RID.8 21  00100 10 0010000 
2   RID.9 1  11 20 1 
2   RID.10 10  00100 21 00100 
2   RID.11 15  1111 14 1111 
2   RID.12 10  00100 13 0000 
2   RID.13 20  0 10 01000 
2   RID.14 10  0010000 1 00 
2   RID.15 10  01000 17 0000 
2   RID.16 14  00000 10 0100 
2   RID.17 10  0010000 10 0010000 
2   RID.18 13  0000 20 00 
2   RID.19 21  0000 10 01000 
2   RID.20 15  0111 13 1001 
1   RID.21 10  0010000 
2   RID.22 19  00 10 01000 
2   RID.23 17  1001 10 1111011 
2   RID.24 13  0111 3 111 
2   RID.25 10  0001001 10 1111110 
2   RID.26 21  10001 15 1111 
2   RID.27 17  001 13 1000 
2   RID.28 18  000 15 0000 
2   RID.29 10  0010000 6 0000 
2   RID.30 10  0100000 3 011 
2   RID.31 13  0111 13 1111 
2   RID.32 13  0111 15 1111 
2   RID.33 10  0100000 17 0000 
2   RID.34 17  000 8 000 
2   RID.35 6  1001 15 10001 
2   RID.36 15  0000 20 0 
2   RID.37 13  0000 21 0010 
2   RID.38 17  001 10 10100 
2   RID.39 13  1001 15 1111 
2   RID.40 15  0000 23 000 
2   RID.41 11  001001 6 1010 
2   RID.42 10  01000 15 00000 
2   RID.43 17  111 15 1111 
2   RID.44 23  000 10 010 
2   RID.45 3  1111111 21 10100 
2   RID.46 21  0010 13 0000 
1   RID.47 21 01011 
2   RID.48 10  0010000 10 0010 
2   RID.49 10  0010000 10 00100 
2   RID.50 7  000 15 0000 
2   RID.51 17  000 8 000 
2   RID.52 15  00000 21 0000 
2   RID.53 23  001 10 1101111 
1   RID.54 10 1010000 
1   RID.55 10 0100000 
2   RID.56 25  1 6 0001 
2   RID.57 6  1001 10 1100000 
2   RID.58 15  00000 21 0000 
2   RID.59 10  00100 10 0010000 
2   RID.60 14  00000 20 00 
2   RID.61 5  11001 17 110 
2   RID.62 10  1111111 3 111 
2   RID.63 15  00000 21 0000 
2   RID.64 4  101001 20 10 
2   RID.65 21  0000 15 00000 
2   RID.66 10  1100111 10 111 
2   RID.67 3  1111111 10 1101111 
2   RID.68 17  001 15 1000 
2   RID.69 11  100111 17 110 
2   RID.70 14  0000 17 001 
2   RID.71 20  00 14 00000 
2   RID.72 10  01000 20 0 
2   RID.73 10  00100 21 00100 
2   RID.74 15  10110 21 0101 
2   RID.75 20  0 14 10000 
2   RID.76 14  00111 15 11111 
1   RID.77 6 1001 
2   RID.78 10  0100000 15 0000 
2   RID.79 10  00100 11 010000 
2   RID.80 10  1101111 10 1111000 
2   RID.81 15  1111 10 1111011 
2   RID.82 15  0000 20 000 
2   RID.83 15  1111 17 110 
2   RID.84 14  1111 10 1111111 
2   RID.85 10  0010000 3 0111111 
2   RID.86 6  1101 23 101 
