238
36
2   RID.0 9  00 12 01 
2   RID.1 8  000 11 0 
1   RID.2 25  010 
2   RID.3 8  100 9 00 
2   RID.4 11  0 3 0000 
2   RID.5 21  0 22 00 
1   RID.6 22 00011 
2   RID.7 22  1 28 10101 
2   RID.8 7  11 8 1 
2   RID.9 22  100 26 010 
2   RID.10 9  10 12 00 
2   RID.11 3  1 13 0 
2   RID.12 22  10 18 0 
1   RID.13 24 0111 
1   RID.14 22 1000 
1   RID.15 22  10011 
2   RID.16 22  00000 21 0 
1   RID.17 22 00000 
2   RID.18 22  110 22 0100 
2   RID.19 26  100 22 010 
2   RID.20 3  0 9 01 
2   RID.21 9  01 9 11 
2   RID.22 11  0 8 100 
2   RID.23 3  0 9 01 
2   RID.24 22  1101 22 1000 
2   RID.25 11  01 3 100 
1   RID.26 25 011 
2   RID.27 9  00 4 0000 
2   RID.28 9  00 10 00 
2   RID.29 26  00 21 0 
2   RID.30 9  00 14 00 
1   RID.31 25  111 
2   RID.32 8  000 10 00 
1   RID.33 22  1001 
1   RID.34 22 1001 
1   RID.35 22 10000 
1   RID.36 22  1100 
2   RID.37 8  00 13 00 
1   RID.38 32  00000 
2   RID.39 11  1 9 01 
1   RID.40 20 10 
1   RID.41 22  10011 
2   RID.42 22  110 28 01111 
1   RID.43 22 10111 
2   RID.44 9  00 3 00 
2   RID.45 9  10 6 010 
2   RID.46 11  0 8 00 
1   RID.47 22 0001 
2   RID.48 22  0000 19 000 
2   RID.49 9  10 6 010 
2   RID.50 8  1 8 00 
1   RID.51 27  10111 
2   RID.52 25  000 22 000 
2   RID.53 22  10 29 0101 
1   RID.54 22  110 
1   RID.55 25  111 
2   RID.56 13  10 8 00 
2   RID.57 22  10 33 0010 
2   RID.58 11  00 3 00000 
1   RID.59 23  0000 
2   RID.60 8  001 11 1 
2   RID.61 13  10 8 00 
1   RID.62 22 001 
1   RID.63 27 11111 
1   RID.64 22 101 
2   RID.65 20  00 22 000 
1   RID.66 33 0001 
1   RID.67 22  1001 
2   RID.68 8  001 11 1 
2   RID.69 12  00 8 000 
2   RID.70 12  11 8 100 
2   RID.71 3  0 9 01 
2   RID.72 3  01101 11 1 
2   RID.73 8  00 13 00 
1   RID.74 22  01011 
2   RID.75 22  1 28 10101 
2   RID.76 3  1001 9 10 
2   RID.77 5  1010 9 01 
2   RID.78 8  0 4 11010 
1   RID.79 25  010 
2   RID.80 22  1011 22 10111 
2   RID.81 33  0000 19 000 
2   RID.82 8  00 9 00 
2   RID.83 10  00 8 0 
2   RID.84 22  1100 22 01 
2   RID.85 3  0 9 11 
2   RID.86 9  00 8 0 
1   RID.87 27  00000 
2   RID.88 8  1 12 0 
1   RID.89 25  111 
2   RID.90 9  10 3 0 
2   RID.91 6  110 9 00 
1   RID.92 26  110 
2   RID.93 22  1100 28 01111 
1   RID.94 20 10 
2   RID.95 8  000 12 0 
2   RID.96 9  01 14 1 
1   RID.97 22  11001 
2   RID.98 14  0 9 100 
1   RID.99 22 0001 
2   RID.100 8  100 12 01 
2   RID.101 9  00 9 00 
1   RID.102 22 0000 
1   RID.103 26 010 
2   RID.104 11  0 9 00 
2   RID.105 11  11 9 11 
2   RID.106 12  11 13 10 
2   RID.107 27  10111 22 110 
1   RID.108 25 010 
2   RID.109 35  00 22 0000 
2   RID.110 9  00 9 00 
2   RID.111 8  00 10 01 
2   RID.112 8  0 9 11 
2   RID.113 8  000 9 00 
2   RID.114 9  00 8 000 
2   RID.115 8  10 9 00 
2   RID.116 1  11 11 1 
2   RID.117 9  00 18 0 
2   RID.118 11  0 4 00110 
2   RID.119 9  00 6 000 
2   RID.120 22  00000 22 0000 
1   RID.121 9 00 
2   RID.122 22  1001 22 10 
2   RID.123 22  1100 22 01 
1   RID.124 27 1000 
1   RID.125 20 01 
2   RID.126 9  00 3 0000 
2   RID.127 33  0000 22 000 
2   RID.128 22  101 22 10111 
2   RID.129 11  0 4 10110 
2   RID.130 9  00 8 000 
2   RID.131 22  00000 22 000 
2   RID.132 8  001 9 11 
2   RID.133 9  011 10 11 
2   RID.134 12  11 8 100 
2   RID.135 8  010 14 001 
2   RID.136 3  111 9 10 
2   RID.137 11  0 8 00 
2   RID.138 3  0000 12 00 
2   RID.139 11  00 1 01 
1   RID.140 22 1000 
1   RID.141 18 01 
1   RID.142 28  01111 
2   RID.143 8  010 12 00 
2   RID.144 9  10 9 00 
2   RID.145 11  11 8 10 
1   RID.146 21  1 
2   RID.147 13  10 8 00 
2   RID.148 8  01 9 10 
1   RID.149 33 0111 
2   RID.150 9  00 13 00 
1   RID.151 22 001 
2   RID.152 3  01101 14 111 
2   RID.153 9  00 8 000 
2   RID.154 22  0 22 00000 
1   RID.155 22  11 
2   RID.156 3  00001 9 100 
2   RID.157 27  1001 22 10011 
1   RID.158 22 1100 
1   RID.159 24  0000 
2   RID.160 3  00 14 0000 
1   RID.161 22 0001 
2   RID.162 11  00 4 0011 
2   RID.163 22  0000 22 000 
2   RID.164 22  000 33 0000 
2   RID.165 27  0000 22 000 
2   RID.166 9  00 4 0001 
2   RID.167 8  00 11 00 
1   RID.168 22 0001 
2   RID.169 22  000 29 0000 
2   RID.170 26  100 22 010 
1   RID.171 27 00111 
2   RID.172 22  10 22 0011 
2   RID.173 9  10 13 01 
2   RID.174 3  00000 9 00 
2   RID.175 18  00 24 0000 
2   RID.176 11  00 4 0000 
2   RID.177 8  01 8 110 
2   RID.178 8  0 11 0 
2   RID.179 8  0 11 00 
1   RID.180 23  0000 
2   RID.181 12  1 5 0011 
2   RID.182 22  100 22 00011 
2   RID.183 11  0 8 110 
2   RID.184 14  1 11 00 
2   RID.185 11  0 4 0011 
2   RID.186 8  01 9 10 
2   RID.187 3  0 9 01 
2   RID.188 29  000000 22 000 
2   RID.189 22  1001 22 1001 
1   RID.190 24 1111 
2   RID.191 3  111 8 100 
2   RID.192 9  00 3 0 
2   RID.193 9  10 9 00 
2   RID.194 9  00 10 00 
2   RID.195 7  10 8 010 
2   RID.196 9  10 8 01 
2   RID.197 13  10 9 01 
2   RID.198 10  11 4 1101 
2   RID.199 9  10 3 00011 
2   RID.200 5  0110 11 00 
2   RID.201 6  110 11 0 
2   RID.202 9  00 9 00 
1   RID.203 22  0000 
2   RID.204 22  1011 22 101 
1   RID.205 22 1001 
2   RID.206 8  1 8 100 
2   RID.207 22  0000 26 000 
2   RID.208 27  10010 22 000 
2   RID.209 22  110 16 01 
2   RID.210 27  000 22 0000 
2   RID.211 7  00 9 00 
2   RID.212 9  00 9 00 
2   RID.213 6  110 10 00 
2   RID.214 21  0 22 000 
2   RID.215 22  0000 20 00 
2   RID.216 10  00 9 00 
1   RID.217 22 00 
1   RID.218 22 0001 
2   RID.219 19  00 22 000 
2   RID.220 9  011 8 10 
2   RID.221 8  1 13 00 
1   RID.222 27  00000 
2   RID.223 3  0110 8 0 
2   RID.224 8  10 1 10 
1   RID.225 8  00 
2   RID.226 12  01 4 1101 
1   RID.227 27  101111 
2   RID.228 3  111 11 1 
2   RID.229 10  00 3 0 
2   RID.230 33  0000 22 0000 
2   RID.231 9  00 9 00 
1   RID.232 22  101 
1   RID.233 27  000000 
2   RID.234 22  0000 28 00000 
2   RID.235 14  01 9 10 
1   RID.236 25 010 
1   RID.237 22 000 
