Number of Haplotypes 21
2   RID.0 7  11 19 1 
2   RID.1 9  0000000 5 00 
2   RID.2 8  0000 5 00 
1   RID.3 16 010 
2   RID.4 7  11 5 11 
2   RID.5 5  00 8 0000 
2   RID.6 7  00 5 00 
2   RID.7 9  000000 7 00 
2   RID.8 6  0 9 000000 
1   RID.9 7  00 
2   RID.10 7  00 12 0000000 
2   RID.11 7  11 7 11 
2   RID.12 7  0 12 1000000 
1   RID.13 7 00 
1   RID.14 9 011111 
2   RID.15 7  11 7 1 
2   RID.16 5  00 7 0 
1   RID.17 7 00 
2   RID.18 9  0000000 4 0 
2   RID.19 7  0 7 00 
2   RID.20 9  01111111 7 10 
1   RID.21 5  00 
2   RID.22 6  0 7 00 
2   RID.23 7  11 7 1 
2   RID.24 5  00 7 0 
2   RID.25 7  0000 5 00 
1   RID.26 7 00 
2   RID.27 8  0011 5 10 
1   RID.28 8  00000 
2   RID.29 9  0000000 5 00 
2   RID.30 11  00000000 7 00 
1   RID.31 6  0 
2   RID.32 5  11 7 11 
2   RID.33 7  0 7 10 
1   RID.34 6  0 
1   RID.35 7 01 
2   RID.36 7  1 5 1 
2   RID.37 5  00 7 000 
1   RID.38 9 00110101 
2   RID.39 5  11 7 11 
2   RID.40 9  011111 7 10 
2   RID.41 7  00 5 00 
2   RID.42 7  0 7 00 
2   RID.43 7  0000 5 00 
1   RID.44 7 00 
1   RID.45 7 0 
1   RID.46 9  0000000 
2   RID.47 7  00 5 00 
2   RID.48 8  1101 3 11 
1   RID.49 1  1000 
2   RID.50 5  11 7 1 
1   RID.51 7 10 
2   RID.52 6  0 7 00 
2   RID.53 7  00 7 01 
2   RID.54 7  0 9 111111 
2   RID.55 7  11 5 11 
2   RID.56 8  00000 4 0 
2   RID.57 1  1000 7 0 
2   RID.58 5  00 5 00 
2   RID.59 5  00 7 00 
2   RID.60 5  11 7 11 
2   RID.61 7  00 8 0000 
1   RID.62 8  1101 
1   RID.63 1  1011 
2   RID.64 18  0 5 10 
1   RID.65 7  0000 
2   RID.66 7  00 7 00 
1   RID.67 7 00 
2   RID.68 5  00 7 00 
2   RID.69 9  011111 6 1 
2   RID.70 5  00 7 00 
2   RID.71 9  000000 7 0 
2   RID.72 6  0 9 011111 
2   RID.73 7  11 5 11 
1   RID.74 9  10110101 
2   RID.75 7  11 7 11 
2   RID.76 7  000 7 00 
2   RID.77 7  0001 7 10 
2   RID.78 7  11 7 1 
2   RID.79 7  0 7 10 
2   RID.80 9  0000000 5 00 
2   RID.81 7  00 7 00 
2   RID.82 9  000000 7 00 
2   RID.83 12  0000000 7 00 
2   RID.84 8  1101 5 11 
1   RID.85 5  00 
2   RID.86 7  00 8 0000 
1   RID.87 8  000 
2   RID.88 5  00 8 0011 
2   RID.89 7  11 7 11 
2   RID.90 7  1 7 11 
2   RID.91 7  00 7 00 
2   RID.92 5  11 7 11 
1   RID.93 9  000000 
1   RID.94 7 00 
2   RID.95 7  00 12 0111100 
1   RID.96 11  11111100 
2   RID.97 9  000000 2 000 
1   RID.98 8 0000 
2   RID.99 5  11 7 1 
2   RID.100 7  1 19 101 
2   RID.101 7  0 12 1000000 
1   RID.102 7  00 
2   RID.103 9  01111111 7 10 
2   RID.104 7  00 5 00 
1   RID.105 1 0011 
1   RID.106 7  00 
2   RID.107 5  11 8 10111 
1   RID.108 9 100000 
1   RID.109 8  00000 
1   RID.110 7 00 
1   RID.111 7 0 
1   RID.112 7 00 
2   RID.113 7  0 12 0000000 
2   RID.114 5  00 7 00 
1   RID.115 5 00 
2   RID.116 7  000 5 00 
2   RID.117 5  11 7 11 
2   RID.118 7  00 7 0 
1   RID.119 8 00000 
2   RID.120 5  11 8 1101 
2   RID.121 7  1 19 10 
1   RID.122 7 00 
2   RID.123 9  0111111 7 1 
2   RID.124 8  00000 7 00 
