Number of Haplotypes 24
2   RID.0 6  00001 6 10001 
2   RID.1 6  01111 2 11 
2   RID.2 5  00011 10 1000010110 
2   RID.3 4  110 6 0001 
2   RID.4 4  01 6 10111 
2   RID.5 6  0110 5 01110 
2   RID.6 13  01000010110 1 110 
2   RID.7 4  111 5 1001 
2   RID.8 16  10000001 5 11111 
2   RID.9 13  00101100000 6 0110 
2   RID.10 5  11111 6 10001 
2   RID.11 4  01 7 11000101 
2   RID.12 5  00011 5 11111 
2   RID.13 4  11 6 10100 
2   RID.14 1  110 13 01000010110 
2   RID.15 6  000100 8 010000010 
2   RID.16 6  00010 13 00101100000 
2   RID.17 10  110100101 5 11111 
2   RID.18 7  00100000 4 00 
2   RID.19 4  01 13 10000000001 
2   RID.20 6  1110001 4 1 
2   RID.21 1  110 13 01000010110 
2   RID.22 4  01 6 1110001 
2   RID.23 16  10001001 4 11 
2   RID.24 13  01000010110 1 110 
2   RID.25 15  000000001 6 11101 
2   RID.26 5  11111 16 10001001 
2   RID.27 5  11110 5 00101 
2   RID.28 4  11 5 10011 
2   RID.29 4  01 6 10010000 
2   RID.30 11  10100100010 4 01 
2   RID.31 5  1111 10 10010000000 
2   RID.32 5  000 6 0001000 
2   RID.33 4  01 13 11000010110 
2   RID.34 6  11111 18 1000010 
2   RID.35 6  00010 13 00101100000 
2   RID.36 16  10001001 5 11111 
2   RID.37 4  11 10 10101000010 
2   RID.38 5  11011 5 11111 
2   RID.39 5  1111 1 0 
2   RID.40 1  101 20 10000 
2   RID.41 16  10001001 5 11111 
2   RID.42 9  000101000 1 110 
