156
20
2   RID.0 9  0 14 0000 
2   RID.1 9  000 5 0000 
2   RID.2 8  00 10 00000 
2   RID.3 1  1 9 0 
2   RID.4 9  00 8 00 
2   RID.5 10  11111 1 0 
2   RID.6 10  000000 4 0 
2   RID.7 10  11111 1 0 
2   RID.8 5  00100 1 011 
2   RID.9 4  00 5 0000 
2   RID.10 9  0 5 0010 
2   RID.11 9  11 4 11111 
1   RID.12 5  0000 
2   RID.13 2  01 9 1100 
2   RID.14 1  10 9 0 
2   RID.15 16  0001 4 10 
2   RID.16 19  10 1 000 
2   RID.17 1  100 9 0100 
2   RID.18 5  1111 7 101 
2   RID.19 5  0000 20 0 
2   RID.20 4  000 10 0100011 
2   RID.21 9  00100 5 0010 
2   RID.22 5  0010 5 0010 
2   RID.23 9  00000 9 000 
2   RID.24 4  01111 9 1111 
2   RID.25 15  11011 5 1010 
2   RID.26 10  11111 4 11111 
2   RID.27 13  11101 1 1 
2   RID.28 5  00100 1 100 
2   RID.29 3  01 10 1011110 
1   RID.30 8 01 
2   RID.31 1  110 10 01111 
2   RID.32 7  000 10 000000 
2   RID.33 5  1111 8 11 
2   RID.34 8  00 4 0 
2   RID.35 5  00000 1 001 
2   RID.36 3  00 8 00 
2   RID.37 5  0010 10 01000 
2   RID.38 10  10000 5 0111 
2   RID.39 1  1 9 1 
2   RID.40 14  0110 5 0010 
2   RID.41 6  0100 10 01000 
2   RID.42 9  0000 20 0 
2   RID.43 4  00000 8 00 
2   RID.44 9  0000 20 0 
2   RID.45 5  0000 10 0000000 
2   RID.46 7  011 9 1 
2   RID.47 3  00 9 0 
2   RID.48 9  0010 5 0010 
2   RID.49 1  000 5 00111 
2   RID.50 4  00000 8 00 
2   RID.51 1  00 9 001 
2   RID.52 8  00 10 00000 
2   RID.53 5  10011 4 1 
2   RID.54 1  000 5 01001 
2   RID.55 5  1111 4 1 
1   RID.56 9 110 
2   RID.57 18  110 5 0111 
2   RID.58 5  0010 10 01000 
2   RID.59 9  0 8 00 
2   RID.60 4  1011 10 11111 
2   RID.61 13  00000 9 0 
2   RID.62 4  0111 10 1011110 
2   RID.63 13  00110 5 00100 
2   RID.64 5  00100 1 100 
2   RID.65 5  00100 1 011 
2   RID.66 4  0001 5 1010 
2   RID.67 10  10000 6 0001 
2   RID.68 9  0 6 1000 
2   RID.69 7  100 5 0010 
2   RID.70 10  1000000 4 01111 
2   RID.71 4  01111 15 1011 
2   RID.72 10  00000 9 0 
2   RID.73 10  10000 8 01 
2   RID.74 8  00 9 0 
2   RID.75 13  00110 8 00 
2   RID.76 5  1111 9 11111 
2   RID.77 3  00 10 00000 
2   RID.78 5  0000 9 000 
2   RID.79 15  00000 8 00 
2   RID.80 9  00 1 011 
2   RID.81 6  0100 5 0010 
2   RID.82 5  1111 10 1011110 
1   RID.83 3  11 
2   RID.84 14  01101 5 1010 
2   RID.85 5  10111 10 100000 
2   RID.86 9  00100 1 1 
2   RID.87 5  0000 9 0000 
2   RID.88 15  10111 5 1111 
2   RID.89 9  0000 1 11 
2   RID.90 5  00100 15 0101 
1   RID.91 9 110 
2   RID.92 9  1100 6 0001 
2   RID.93 1  1 9 1000 
2   RID.94 5  1111 9 1111 
2   RID.95 8  00 5 00000 
2   RID.96 15  0000 9 0 
2   RID.97 4  11111 9 11 
2   RID.98 5  1111 14 1000 
2   RID.99 9  0 4 0 
2   RID.100 4  11111 5 11001 
2   RID.101 6  0000 3 00 
2   RID.102 9  0 9 00000 
2   RID.103 4  0000 9 0 
2   RID.104 1  100 5 00100 
2   RID.105 5  0000 6 0000 
2   RID.106 9  1100 5 0111 
2   RID.107 5  1111 4 11111 
2   RID.108 9  0 5 1010 
2   RID.109 13  11101 4 11111 
2   RID.110 9  0000 4 0 
2   RID.111 6  1001 6 1001 
2   RID.112 18  11 5 1010 
2   RID.113 4  1011 9 1 
2   RID.114 4  00000 8 00 
2   RID.115 5  1111 9 11000 
2   RID.116 7  000 9 0000 
2   RID.117 5  1111 1 000 
2   RID.118 10  11111 4 11111 
2   RID.119 4  0 9 1 
2   RID.120 5  0010 4 0001 
2   RID.121 9  0 4 10000 
2   RID.122 4  00000 20 0 
2   RID.123 5  0000 10 00000 
2   RID.124 5  0000 5 00000 
2   RID.125 16  0000 3 00 
2   RID.126 5  0010 5 0010 
2   RID.127 5  00000 1 011 
2   RID.128 3  00 9 0010 
2   RID.129 9  1 5 0111 
2   RID.130 19  10 5 01011 
1   RID.131 9 1 
2   RID.132 9  1 9 1 
2   RID.133 7  000 9 0 
2   RID.134 9  00100 5 0010 
2   RID.135 5  10011 5 1111 
2   RID.136 5  10011 5 1111 
2   RID.137 4  0111 10 1011110 
2   RID.138 5  1111 8 11 
2   RID.139 8  11 9 1 
2   RID.140 6  1001 10 1000000 
2   RID.141 4  1011 7 101 
2   RID.142 19  10 8 01 
2   RID.143 5  0000 4 0000 
2   RID.144 5  1111 9 1111 
2   RID.145 1  1 5 10100 
2   RID.146 4  010 4 001 
2   RID.147 2  000 10 00000 
2   RID.148 14  00000 4 00 
2   RID.149 9  1100 4 0011 
2   RID.150 9  0000 2 01 
2   RID.151 8  00 9 00 
2   RID.152 18  00 5 00000 
2   RID.153 5  0000 9 00 
2   RID.154 5  1111 6 1111 
2   RID.155 5  1111 9 111 
