2 RID.0 32 000101 27 10110000 GGGGGGGGGGGGGG
2 RID.1 29 110000 38 0001 GGGGGGGGGG
2 RID.2 31 11101 22 100000110 GGGGGGGGGGGGGG
2 RID.3 21 0000 11 00000 GGGGGGGGG
2 RID.4 16 10011 12 1101 GGGGGGGGG
2 RID.5 21 0101000 37 00001 GGGGGGGGGGGG
2 RID.6 42 011 28 1110001 GGGGGGGGGG
2 RID.7 28 0110000 42 000 GGGGGGGGGG
2 RID.8 32 000101 35 1010001 GGGGGGGGGGGGG
2 RID.9 28 0110000 34 010100 GGGGGGGGGGGGG
2 RID.10 21 0101000011 29 1100001 GGGGGGGGGGGGGGGGG
2 RID.11 28 1100110 28 0101001 GGGGGGGGGGGGGG
2 RID.12 39 1101 26 1101100 GGGGGGGGGGG
2 RID.13 39 0010 28 0110000 GGGGGGGGGGG
2 RID.14 33 0001100 21 000000 GGGGGGGGGGGGG
2 RID.15 15 11 21 101 GGGGG
2 RID.16 21 0000000000 28 0000000 GGGGGGGGGGGGGGGGG
2 RID.17 16 00000 17 0000 GGGGGGGGG
2 RID.18 17 0000 28 0000000 GGGGGGGGGGG
2 RID.19 21 0000001 35 100111 GGGGGGGGGGGGG
2 RID.20 21 10101001 21 11111111 GGGGGGGGGGGGGGGG
1 RID.21 21 1101000 GGGGGGG
2 RID.22 20 1 17 0011 GGGGG
2 RID.23 26 0001100 36 010001 GGGGGGGGGGGGG
2 RID.24 27 01101110 32 011101 GGGGGGGGGGGGGG
2 RID.25 21 0000001 28 1110001 GGGGGGGGGGGGGG
2 RID.26 33 0010100 28 0110000 GGGGGGGGGGGGGG
2 RID.27 16 11100 12 0111 GGGGGGGGG
2 RID.28 17 1010 28 0111111 GGGGGGGGGGG
2 RID.29 8 010 15 011 GGGGGG
2 RID.30 15 00 16 00000 GGGGGGG
2 RID.31 18 000 35 000111 GGGGGGGGG
2 RID.32 21 000000 17 0000 GGGGGGGGGG
2 RID.33 17 0011 16 100 GGGGGGG
2 RID.34 28 0110001 16 10000 GGGGGGGGGGGG
2 RID.35 16 111 21 100001 GGGGGGGGG
2 RID.36 16 001 11 1000 GGGGGGG
2 RID.37 21 1 21 0 GG
2 RID.38 32 0001010 40 010 GGGGGGGGGG
2 RID.39 21 0101000 16 00000 GGGGGGGGGGGG
2 RID.40 17 0000 21 0 GGGGG
2 RID.41 17 0000 8 001 GGGGGGG
2 RID.42 30 000000 33 0001100 GGGGGGGGGGGGG
2 RID.43 21 000000 32 0000110 GGGGGGGGGGGGG
2 RID.44 21 0 24 00000110 GGGGGGGGG
2 RID.45 28 0110000 41 0000 GGGGGGGGGGG
2 RID.46 28 1011111 28 1100110 GGGGGGGGGGGGGG
2 RID.47 42 000 30 000001 GGGGGGGGG
2 RID.48 16 000 21 0101 GGGGGGG
2 RID.49 32 0000110 33 0001100 GGGGGGGGGGGGGG
2 RID.50 34 001100 28 0000000 GGGGGGGGGGGGG
1 RID.51 29 010111 GGGGGG
2 RID.52 31 01101 28 1100110 GGGGGGGGGGGG
2 RID.53 33 0001100 21 0000000 GGGGGGGGGGGGGG
2 RID.54 17 1111 17 1111 GGGGGGGG
2 RID.55 36 110010 21 0000000000 GGGGGGGGGGGGGGGG
2 RID.56 42 000 29 010000 GGGGGGGGG
2 RID.57 35 101000 32 000101 GGGGGGGGGGGG
2 RID.58 31 000010 36 010001 GGGGGGGGGGGG
2 RID.59 17 1001 17 1000 GGGGGGGG
2 RID.60 24 00000000 31 000001 GGGGGGGGGGGGGG
2 RID.61 16 1001 21 10101001 GGGGGGGGGGGG
2 RID.62 28 1100110 29 000110 GGGGGGGGGGGGG
2 RID.63 34 010100 32 0001010 GGGGGGGGGGGGG
2 RID.64 17 0000 17 0000 GGGGGGGG
2 RID.65 15 011 16 11010 GGGGGGGG
2 RID.66 11 00000 17 0000 GGGGGGGGG
2 RID.67 36 110010 31 000001 GGGGGGGGGGGG
2 RID.68 36 001110 21 0000001 GGGGGGGGGGGGG
2 RID.69 17 0000 17 0000 GGGGGGGG
2 RID.70 26 0011011 22 100000110 GGGGGGGGGGGGGGGG
2 RID.71 29 1100010 28 0110001 GGGGGGGGGGGGGG
2 RID.72 18 000 21 0000000 GGGGGGGGGG
2 RID.73 31 00001 21 110100 GGGGGGGGGGG
2 RID.74 34 010100 21 00011 GGGGGGGGGGG
2 RID.75 31 0000011 33 1001100 GGGGGGGGGGGGGG
2 RID.76 21 10000 27 01100110 GGGGGGGGGGGGG
2 RID.77 26 01011000 21 0000001 GGGGGGGGGGGGGGG
2 RID.78 15 00 18 000 GGGGG
2 RID.79 21 1010 16 00011 GGGGGGGGG
1 RID.80 16 000 GGG
1 RID.81 16 1110 GGGG
2 RID.82 35 1010001 21 110100 GGGGGGGGGGGGG
2 RID.83 35 1010001 28 1110000 GGGGGGGGGGGGGG
2 RID.84 22 0000101100 22 0101011111 GGGGGGGGGGGGGGGGGGGG
2 RID.85 17 0000 15 000 GGGGGGG
2 RID.86 29 100101 29 100110 GGGGGGGGGGGG
2 RID.87 20 0 13 0100 GGGGG
2 RID.88 42 000 28 0110000 GGGGGGGGGG
2 RID.89 28 0110000 21 010 GGGGGGGGGG
2 RID.90 16 10011 12 1101 GGGGGGGGG
2 RID.91 24 11111011 24 10001101 GGGGGGGGGGGGGGGG
2 RID.92 32 0001010 28 0110000 GGGGGGGGGGGGGG
2 RID.93 12 1101 16 11100 GGGGGGGGG
2 RID.94 33 0001100 19 00 GGGGGGGGG
2 RID.95 26 1011001 29 100110 GGGGGGGGGGGGG
2 RID.96 18 000 16 000 GGGGGG
2 RID.97 19 10 11 00010 GGGGGGG
2 RID.98 19 11 19 11 GGGG
2 RID.99 24 11111111 24 11001100 GGGGGGGGGGGGGGGG
2 RID.100 26 00011000 3 00001 GGGGGGGGGGGGG
2 RID.101 35 1010001 19 10 GGGGGGGGG
2 RID.102 21 0101000 17 0000 GGGGGGGGGGG
2 RID.103 25 0000110 31 00001 GGGGGGGGGGGG
2 RID.104 16 10011 18 111 GGGGGGGG
2 RID.105 28 0110000 37 00001 GGGGGGGGGGGG
2 RID.106 42 000 28 0110000 GGGGGGGGGG
2 RID.107 19 00 16 000 GGGGG
2 RID.108 21 01010 40 010 GGGGGGGG
2 RID.109 21 0101000 16 000 GGGGGGGGGG
2 RID.110 17 0000 12 0000 GGGGGGGG
2 RID.111 22 1010000110 40 010 GGGGGGGGGGGGG
2 RID.112 40 010 21 0101000011 GGGGGGGGGGGGG
2 RID.113 17 0000 16 00000 GGGGGGGGG
2 RID.114 22 1010000110 40 010 GGGGGGGGGGGGG
2 RID.115 31 000010 33 0010100 GGGGGGGGGGGGG
1 RID.116 12 1111 GGGG
2 RID.117 18 000 11 00010 GGGGGGGG
2 RID.118 16 00000 15 000 GGGGGGGG
2 RID.119 17 1010 22 0000001101 GGGGGGGGGGGGGG
2 RID.120 42 000 21 0101000 GGGGGGGGGG
2 RID.121 31 00001 39 1010 GGGGGGGGG
2 RID.122 16 00000 13 0000 GGGGGGGGG
2 RID.123 19 00 17 0000 GGGGGG
2 RID.124 28 1100110 28 0011111 GGGGGGGGGGGGGG
2 RID.125 18 000 35 000111 GGGGGGGGG
2 RID.126 27 0110111 21 10000001 GGGGGGGGGGGGGGG
2 RID.127 17 0011 17 1011 GGGGGGGG
2 RID.128 21 00000 15 000 GGGGGGGG
2 RID.129 42 101 30 100000 GGGGGGGGG
2 RID.130 15 00 23 000010110 GGGGGGGGGGG
2 RID.131 28 1001011 28 1100110 GGGGGGGGGGGGGG
2 RID.132 15 000 26 00000000 GGGGGGGGGGG
2 RID.133 17 0000 14 000 GGGGGGG
2 RID.134 21 010100 35 0010001 GGGGGGGGGGGGG
2 RID.135 12 1101 21 10101 GGGGGGGGG
2 RID.136 28 1110110 18 011 GGGGGGGGGG
1 RID.137 29 110111 GGGGGG
2 RID.138 18 001 15 11 GGGGG
2 RID.139 13 0101 21 1000000 GGGGGGGGGGG
2 RID.140 21 0 19 00 GGG
2 RID.141 21 0101 21 1010 GGGGGGGG
2 RID.142 16 11010 11 00010 GGGGGGGGGG
2 RID.143 16 00000 15 000 GGGGGGGG
2 RID.144 29 110000 38 00010 GGGGGGGGGGG
2 RID.145 35 001111 15 10 GGGGGGGG
2 RID.146 42 000 21 0101000 GGGGGGGGGG
2 RID.147 21 0101000011 29 1100001 GGGGGGGGGGGGGGGGG
2 RID.148 17 0000 20 0 GGGGG
2 RID.149 22 101000011 28 1110000 GGGGGGGGGGGGGGGG
2 RID.150 21 1010100 21 0111111 GGGGGGGGGGGGGG
2 RID.151 12 0000 17 0000 GGGGGGGG
2 RID.152 16 00000 21 0101000 GGGGGGGGGGGG
2 RID.153 28 1111111 28 1100110 GGGGGGGGGGGGGG
2 RID.154 17 0000 16 00000 GGGGGGGGG
2 RID.155 28 0000000 42 001 GGGGGGGGGG
2 RID.156 15 00 15 000 GGGGG
2 RID.157 28 0110000 42 000 GGGGGGGGGG
2 RID.158 21 1010 31 01101 GGGGGGGGG
2 RID.159 16 00000 16 000 GGGGGGGG
1 RID.160 32 0111011 GGGGGGG
2 RID.161 22 111111111 22 100010110 GGGGGGGGGGGGGGGGGG
2 RID.162 27 1011000 21 0000001 GGGGGGGGGGGGGG
2 RID.163 29 110000 42 000 GGGGGGGGG
2 RID.164 17 0000 6 000 GGGGGGG
2 RID.165 32 0000110 29 000000 GGGGGGGGGGGGG
2 RID.166 21 0101000 16 00000 GGGGGGGGGGGG
2 RID.167 21 0000000000 36 010010 GGGGGGGGGGGGGGGG
2 RID.168 15 000 17 0000 GGGGGGG
2 RID.169 26 0101100 28 0110001 GGGGGGGGGGGGGG
2 RID.170 11 0000 18 000 GGGGGGG
2 RID.171 17 0000 12 0000 GGGGGGGG
2 RID.172 33 0010100 17 0000 GGGGGGGGGGG
2 RID.173 12 0000 34 001100 GGGGGGGGGG
2 RID.174 10 1100 17 0011 GGGGGGGG
2 RID.175 40 101 29 110001 GGGGGGGGG
2 RID.176 28 0000000 32 0000110 GGGGGGGGGGGGGG
2 RID.177 28 1100110 28 0111110 GGGGGGGGGGGGGG
2 RID.178 26 00000000 43 011 GGGGGGGGGGG
2 RID.179 32 110101 16 10011 GGGGGGGGGGG
2 RID.180 21 0101000011 16 1000 GGGGGGGGGGGGGG
2 RID.181 21 00000000 33 0001100 GGGGGGGGGGGGGGG
2 RID.182 17 1111 8 110 GGGGGGG
2 RID.183 28 0110001 45 1 GGGGGGGG
2 RID.184 32 0000110 28 0000000 GGGGGGGGGGGGGG
2 RID.185 28 1111111 28 1100110 GGGGGGGGGGGGGG
2 RID.186 21 1010 31 0111111 GGGGGGGGGGG
2 RID.187 31 00110 21 00101 GGGGGGGGGG
2 RID.188 21 0 22 1010000110 GGGGGGGGGGG
2 RID.189 21 1000010 21 0110111 GGGGGGGGGGGGGG
2 RID.190 15 000 11 0000 GGGGGGG
2 RID.191 35 1010001 31 100010 GGGGGGGGGGGGG
2 RID.192 21 1000010110 28 0100110 GGGGGGGGGGGGGGGGG
2 RID.193 25 0000110 28 0110000 GGGGGGGGGGGGGG
2 RID.194 20 0 15 01 GGG
2 RID.195 29 110001 35 1001110 GGGGGGGGGGGGG
2 RID.196 20 0 16 00000 GGGGGG
2 RID.197 18 111 18 111 GGGGGG
2 RID.198 31 00001 21 110100 GGGGGGGGGGG
2 RID.199 28 1100110 28 0111111 GGGGGGGGGGGGGG
2 RID.200 15 000 15 00 GGGGG
2 RID.201 21 0000 15 000 GGGGGGG
2 RID.202 35 101000 21 0101000011 GGGGGGGGGGGGGGGG
2 RID.203 16 0000 19 00 GGGGGG
2 RID.204 36 010001 21 1101000 GGGGGGGGGGGGG
2 RID.205 28 0011101 28 1100110 GGGGGGGGGGGGGG
2 RID.206 32 001000 31 000100 GGGGGGGGGGGG
2 RID.207 12 0111 21 1010 GGGGGGGG
2 RID.208 16 00000 13 0100 GGGGGGGGG
2 RID.209 21 0101000 19 00 GGGGGGGGG
2 RID.210 24 00001101 24 11111011 GGGGGGGGGGGGGGGG
2 RID.211 21 1010100 10 0100 GGGGGGGGGGG
2 RID.212 21 100000 24 00001101 GGGGGGGGGGGGGG
2 RID.213 21 010100 15 00 GGGGGGGG
1 RID.214 13 0101 GGGG
2 RID.215 11 00000 26 0001100 GGGGGGGGGGGG
2 RID.216 36 001110 30 000010 GGGGGGGGGGGG
2 RID.217 21 0000001 28 1110001 GGGGGGGGGGGGGG
2 RID.218 16 000 16 00011 GGGGGGGG
2 RID.219 36 001110 28 0110001 GGGGGGGGGGGGG
2 RID.220 31 0000101 36 110001 GGGGGGGGGGGGG
2 RID.221 11 00000 17 0000 GGGGGGGGG
1 RID.222 29 110111 GGGGGG
2 RID.223 40 101 31 1000011 GGGGGGGGGG
2 RID.224 12 0000 16 00000 GGGGGGGGG
2 RID.225 16 00000 9 01000 GGGGGGGGGG
2 RID.226 1 1100001 19 10 GGGGGGGGG
2 RID.227 15 00 28 0110000 GGGGGGGGG
2 RID.228 21 010 21 011 GGGGGG
2 RID.229 17 0000 19 00 GGGGGG
2 RID.230 31 0000101 21 1101000011 GGGGGGGGGGGGGGGGG
2 RID.231 28 0110000 23 010000110 GGGGGGGGGGGGGGGG
2 RID.232 19 11 15 110 GGGGG
2 RID.233 16 000 19 00 GGGGG
2 RID.234 29 110000 31 0000101 GGGGGGGGGGGGG
2 RID.235 21 000000 17 0000 GGGGGGGGGG
2 RID.236 20 0 12 0010 GGGGG
2 RID.237 16 11100 16 01111 GGGGGGGGGG
2 RID.238 28 0000000 35 0110010 GGGGGGGGGGGGGG
2 RID.239 26 0001100 21 0101000 GGGGGGGGGGGGGG
2 RID.240 35 0001110 28 0110001 GGGGGGGGGGGGGG
2 RID.241 12 0010 31 0001000 GGGGGGGGGGG
2 RID.242 17 1010 18 010 GGGGGGG
2 RID.243 6 000 16 00000 GGGGGGGG
2 RID.244 15 11 18 100 GGGGG
2 RID.245 21 0101000 16 000 GGGGGGGGGG
2 RID.246 6 0100 16 00000 GGGGGGGGG
2 RID.247 17 0000 18 000 GGGGGGG
2 RID.248 16 0001 16 1111 GGGGGGGG
2 RID.249 21 1111000 21 0010100 GGGGGGGGGGGGGG
2 RID.250 17 0000 22 000001011 GGGGGGGGGGGGG
2 RID.251 16 111 21 100001 GGGGGGGGG
2 RID.252 21 1100100 21 0111111 GGGGGGGGGGGGGG
2 RID.253 17 1101 17 1011 GGGGGGGG
2 RID.254 32 0001010 42 000 GGGGGGGGGG
2 RID.255 40 101 25 10000000 GGGGGGGGGGG
2 RID.256 21 010100 17 0000 GGGGGGGGGG
2 RID.257 19 10 21 00000001 GGGGGGGGGG
2 RID.258 20 0 16 100 GGGG
2 RID.259 21 0101000 41 0000 GGGGGGGGGGG
2 RID.260 16 00000 11 0001 GGGGGGGGG
2 RID.261 17 0000 21 0000000000 GGGGGGGGGGGGGG
2 RID.262 35 0001110 30 000010 GGGGGGGGGGGGG
2 RID.263 21 1110100110 15 01 GGGGGGGGGGGG
2 RID.264 8 001 16 10000 GGGGGGGG
2 RID.265 11 0000 21 0 GGGGG
2 RID.266 10 0101 19 11 GGGGGG
2 RID.267 16 11010 12 0010 GGGGGGGGG
2 RID.268 28 0110000 17 0000 GGGGGGGGGGG
2 RID.269 22 0000001101 25 1001101 GGGGGGGGGGGGGGGGG
2 RID.270 31 00000 32 000011 GGGGGGGGGGG
2 RID.271 36 110010 21 00000 GGGGGGGGGGG
2 RID.272 28 0000000 35 011001 GGGGGGGGGGGGG
2 RID.273 33 0010100 21 01010 GGGGGGGGGGGG
2 RID.274 11 0000 19 00 GGGGGG
2 RID.275 21 01010000 31 0000101 GGGGGGGGGGGGGGG
2 RID.276 31 00001 21 110100 GGGGGGGGGGG
2 RID.277 6 100 17 0111 GGGGGGG
2 RID.278 18 000 21 01010 GGGGGGGG
2 RID.279 37 10010 28 0000000 GGGGGGGGGGGG
2 RID.280 13 0100 16 00000 GGGGGGGGG
2 RID.281 21 0101000011 39 1010 GGGGGGGGGGGGGG
2 RID.282 19 00 33 0001100 GGGGGGGGG
2 RID.283 15 11 16 11100 GGGGGGG
2 RID.284 21 1010100110 31 0111101 GGGGGGGGGGGGGGGGG
2 RID.285 29 1100010 28 0110001 GGGGGGGGGGGGGG
2 RID.286 16 11010 21 0000 GGGGGGGGG
1 RID.287 19 00 GG
2 RID.288 28 0110001 36 101110 GGGGGGGGGGGGG
2 RID.289 17 1100 15 01 GGGGGG
2 RID.290 21 0101000 30 000001 GGGGGGGGGGGGG
2 RID.291 19 00 25 0000110 GGGGGGGGG
2 RID.292 20 0 12 0000 GGGGG
2 RID.293 19 00 43 011 GGGGG
2 RID.294 35 000111 17 1000 GGGGGGGGGG
2 RID.295 31 0001000 35 001111 GGGGGGGGGGGGG
2 RID.296 33 0001100 28 0000000 GGGGGGGGGGGGGG
2 RID.297 41 100 25 0000110 GGGGGGGGGG
2 RID.298 8 110 16 01110 GGGGGGGG
2 RID.299 17 1010 21 000000011 GGGGGGGGGGGGG
2 RID.300 16 00010 12 0000 GGGGGGGGG
2 RID.301 16 000 21 00000 GGGGGGGG
2 RID.302 19 00 11 00010 GGGGGGG
2 RID.303 20 0 26 0001100 GGGGGGGG
2 RID.304 17 1010 21 000000011 GGGGGGGGGGGGG
2 RID.305 11 00000 15 00 GGGGGGG
2 RID.306 28 0110000 42 000 GGGGGGGGGG
1 RID.307 11 00000 GGGGG
2 RID.308 28 0110001 28 1110001 GGGGGGGGGGGGGG
2 RID.309 16 11111 16 11100 GGGGGGGGGG
2 RID.310 21 100 21 011 GGGGGG
2 RID.311 16 100 26 0011001 GGGGGGGGGG
2 RID.312 16 00000 21 01010 GGGGGGGGGG
1 RID.313 21 0101000 GGGGGGG
2 RID.314 28 0000000 35 011001 GGGGGGGGGGGGG
2 RID.315 21 1 15 110 GGGG
2 RID.316 19 00 31 0011111 GGGGGGGGG
2 RID.317 16 00000 16 00000 GGGGGGGGGG
1 RID.318 21 0000001011 GGGGGGGGGG
2 RID.319 28 0110000 42 000 GGGGGGGGGG
2 RID.320 26 0101100 38 01101 GGGGGGGGGGGG
2 RID.321 21 0101000011 35 1010001 GGGGGGGGGGGGGGGGG
2 RID.322 21 0101000 15 00 GGGGGGGGG
2 RID.323 26 0111110 26 0011011 GGGGGGGGGGGGGG
2 RID.324 42 000 29 010000 GGGGGGGGG
2 RID.325 6 0100 20 0 GGGGG
1 RID.326 19 11 GG
2 RID.327 17 1110 15 01 GGGGGG
2 RID.328 45 1 26 1000000 GGGGGGGG
2 RID.329 29 1100001 35 1010001 GGGGGGGGGGGGGG
2 RID.330 11 00000 22 000000000 GGGGGGGGGGGGGG
2 RID.331 21 1000000 18 010 GGGGGGGGGG
2 RID.332 15 00 20 0 GGG
2 RID.333 12 0000 18 000 GGGGGGG
2 RID.334 29 110000 19 00 GGGGGGGG
2 RID.335 40 010 33 0010100 GGGGGGGGGG
2 RID.336 35 001101 17 1000 GGGGGGGGGG
2 RID.337 10 0101 19 11 GGGGGG
2 RID.338 26 0001100 12 0000 GGGGGGGGGGG
2 RID.339 6 101 19 11 GGGGG
2 RID.340 21 00000010 29 0100010 GGGGGGGGGGGGGGG
2 RID.341 15 00 21 01010 GGGGGGG
2 RID.342 42 101 30 100000 GGGGGGGGG
2 RID.343 16 00000 17 0000 GGGGGGGGG
2 RID.344 21 1000000 15 011 GGGGGGGGGG
2 RID.345 32 000011 21 10000000 GGGGGGGGGGGGGG
2 RID.346 28 1100110 28 0111111 GGGGGGGGGGGGGG
2 RID.347 28 0110000 42 000 GGGGGGGGGG
2 RID.348 21 0111111 21 1010100 GGGGGGGGGGGGGG
2 RID.349 34 100011 26 1101100 GGGGGGGGGGGGG
2 RID.350 29 110001 19 10 GGGGGGGG
2 RID.351 21 0101000011 29 1100001 GGGGGGGGGGGGGGGGG
1 RID.352 19 00 GG
2 RID.353 31 0001000 40 001 GGGGGGGGGG
2 RID.354 22 0101001100 28 0100110 GGGGGGGGGGGGGGGGG
2 RID.355 21 1000 21 0111 GGGGGGGG
