59
27
2   RID.0 17  0000 24 0000 
2   RID.1 17  00 17 00001 
2   RID.2 11  101110 18 00101 
2   RID.3 16  01 24 1011 
2   RID.4 17  1011 16 11 
2   RID.5 1  0000 16 000 
2   RID.6 1  000101 17 1000 
2   RID.7 16  00 23 0010 
2   RID.8 8  01010011 18 10101 
1   RID.9 17 10 
2   RID.10 8  01010011 18 10101 
2   RID.11 8  01010011 16 111 
2   RID.12 11  00000 17 000000 
2   RID.13 18  10101 12 10110 
2   RID.14 18  00010 15 01 
2   RID.15 12  00110 18 01010 
2   RID.16 17  10 8 00101000 
2   RID.17 18  10101 11 100110 
2   RID.18 12  00110 18 00101 
2   RID.19 18  10101 1 1 
2   RID.20 18  00000 15 00 
2   RID.21 17  1011 1 11100 
2   RID.22 7  1100000 21 000 
2   RID.23 16  01 1 1010100 
2   RID.24 8  01010111 18 11101 
2   RID.25 18  00010 16 000 
2   RID.26 16  000 1 0000 
2   RID.27 17  000010 10 000000 
2   RID.28 1  0010100 16 011 
2   RID.29 17  000 16 00 
2   RID.30 17  10110 5 010001010 
2   RID.31 23  10011 16 111 
2   RID.32 18  10101 12 10110 
2   RID.33 17  000010 13 0001 
2   RID.34 23  10111 17 11 
2   RID.35 9  1010111 18 10101 
2   RID.36 16  01 14 100 
2   RID.37 17  1101 24 1010 
2   RID.38 1  0010 17 010101 
2   RID.39 19  00000 11 000000 
2   RID.40 23  11111 16 111 
2   RID.41 18  10101 1 10 
2   RID.42 11  01000 23 0111 
2   RID.43 1  100 17 000010 
2   RID.44 18  00000 15 00 
2   RID.45 1  1110010 17 00110 
2   RID.46 14  000 17 001100 
2   RID.47 17  101 1 1110010 
1   RID.48 17 00 
2   RID.49 12  00110 18 00101 
2   RID.50 1  1010100 18 00101 
2   RID.51 17  110101 9 1010111 
2   RID.52 10  010011 18 10101 
2   RID.53 8  01001000 8 00101000 
2   RID.54 15  01 17 10001 
2   RID.55 23  1110 17 00 
2   RID.56 1  1010100 18 00101 
2   RID.57 10  010111 17 110101 
2   RID.58 16  00 16 00 
