Number of Haplotypes 27
2   RID.0 9  11 7 1 
2   RID.1 8  10 15 010 
2   RID.2 18  0 24 000 
2   RID.3 11  001 3 100 
2   RID.4 8  1 8 01 
2   RID.5 7  0 12 100 
2   RID.6 18  0000 27 0 
2   RID.7 18  1110 23 0110 
2   RID.8 8  1 6 00 
1   RID.9 18 0000 
2   RID.10 12  000 10 00 
2   RID.11 12  00001 7 1 
2   RID.12 14  0011 19 1101 
2   RID.13 4  000 8 00 
2   RID.14 9  11 23 1110 
2   RID.15 7  0 8 0 
2   RID.16 7  1 8 0 
2   RID.17 22  1011 20 101 
2   RID.18 19  0110 19 0110 
2   RID.19 12  000011 8 1 
2   RID.20 22  1011 15 111 
2   RID.21 7  1 11 1 
2   RID.22 3  100 8 0 
2   RID.23 7  0 7 0 
1   RID.24 20  110 
1   RID.25 20  101 
2   RID.26 23  111 18 101 
2   RID.27 13  00010 7 0 
2   RID.28 20  000 27 0 
2   RID.29 20  100 18 0011 
2   RID.30 7  1 9 111 
2   RID.31 6  00 11 00 
2   RID.32 8  0 6 0 
2   RID.33 9  00 1 000 
2   RID.34 18  0000 27 0 
2   RID.35 6  00 8 0 
2   RID.36 11  0000 8 00 
2   RID.37 6  00 8 00 
1   RID.38 20 000 
2   RID.39 8  111 7 1 
2   RID.40 4  00 9 000 
2   RID.41 8  0 8 000 
2   RID.42 21  0011 26 11 
2   RID.43 23  001 22 1001 
2   RID.44 8  110 8 0 
2   RID.45 19  1100 18 01 
2   RID.46 14  1111 20 100 
2   RID.47 10  11 8 1 
2   RID.48 6  0 8 10 
2   RID.49 11  000 6 00 
1   RID.50 8  1 
2   RID.51 25  11 19 1101 
2   RID.52 18  1010 7 0 
2   RID.53 6  00 8 0 
2   RID.54 16  11 27 1 
2   RID.55 22  0000 23 000 
2   RID.56 10  00 8 0 
2   RID.57 23  0111 18 10101 
2   RID.58 27  0 18 10 
2   RID.59 26  00 20 010 
2   RID.60 6  00 8 0 
2   RID.61 10  00 4 000 
1   RID.62 13 01111 
2   RID.63 21  100 21 00 
2   RID.64 7  0 14 0111 
2   RID.65 18  00 23 0000 
2   RID.66 18  000 23 000 
2   RID.67 22  0000 23 000 
2   RID.68 10  00 8 0 
2   RID.69 22  0001 27 1 
2   RID.70 26  0 22 1000 
2   RID.71 6  0 7 0 
2   RID.72 23  111 15 111 
2   RID.73 7  0 8 1 
2   RID.74 6  0 10 10 
2   RID.75 19  0000 18 001 
2   RID.76 23  001 18 10 
2   RID.77 18  00000 23 000 
1   RID.78 26 0 
2   RID.79 18  0000 19 0000 
2   RID.80 20  111 20 110 
2   RID.81 8  1 11 0 
2   RID.82 6  10 9 01 
2   RID.83 20  000 26 00 
2   RID.84 6  0 7 0 
2   RID.85 26  00 20 010 
2   RID.86 19  1100 12 011 
2   RID.87 8  0 7 1 
2   RID.88 19  0110 15 010 
2   RID.89 7  1 6 00 
2   RID.90 7  0 9 000 
2   RID.91 13  00010 7 0 
2   RID.92 23  011 18 101 
1   RID.93 18  0000 
2   RID.94 8  1 6 0 
2   RID.95 18  10 20 001 
2   RID.96 18  111 27 1 
2   RID.97 21  001 26 11 
2   RID.98 6  0 12 100 
2   RID.99 21  000 19 0000 
2   RID.100 20  100 26 01 
2   RID.101 18  1010 23 0111 
1   RID.102 27  0 
2   RID.103 17  0 8 1 
2   RID.104 26  01 21 1011 
1   RID.105 21 10 
2   RID.106 9  00 6 0 
2   RID.107 8  11 6 10 
1   RID.108 24 011 
2   RID.109 8  1 8 1 
2   RID.110 18  000 22 000 
2   RID.111 8  1 9 01 
2   RID.112 8  1 6 10 
2   RID.113 15  010 8 00 
2   RID.114 23  1110 21 00 
2   RID.115 8  0 12 00000 
2   RID.116 27  1 20 000 
2   RID.117 19  1100 19 0100 
2   RID.118 18  0000 21 000 
2   RID.119 8  1 7 0 
2   RID.120 19  0110 15 010 
1   RID.121 20 000 
2   RID.122 8  0 12 00000 
2   RID.123 20  010 24 000 
2   RID.124 4  000 8 0 
2   RID.125 27  1 19 0100 
2   RID.126 9  11 6 10 
2   RID.127 12  000111 2 1100 
2   RID.128 18  001 20 110 
1   RID.129 24  111 
2   RID.130 6  00 7 0 
2   RID.131 23  0111 19 1101 
2   RID.132 22  0001 14 1010 
2   RID.133 9  000 6 00 
2   RID.134 9  000 3 000 
2   RID.135 21  100 17 0 
1   RID.136 18  00 
1   RID.137 20  101 
2   RID.138 9  00 8 000 
2   RID.139 8  0 8 00 
2   RID.140 22  0000 18 000 
2   RID.141 19  0101 18 1010 
2   RID.142 8  1 8 010 
2   RID.143 23  0111 22 1011 
2   RID.144 7  0 8 10 
1   RID.145 19 0000 
2   RID.146 19  0000 23 0000 
2   RID.147 4  111 8 111 
2   RID.148 18  0011 26 10 
2   RID.149 8  10 11 0000 
2   RID.150 12  0000 3 000 
2   RID.151 8  1 7 0 
2   RID.152 8  110 7 0 
2   RID.153 19  0101 21 11 
2   RID.154 4  000 9 00 
2   RID.155 11  000 7 0 
2   RID.156 18  000 26 0 
2   RID.157 6  00 7 0 
1   RID.158 21  00 
2   RID.159 22  0001 19 1110 
2   RID.160 19  0101 18 1010 
2   RID.161 26  10 18 00101 
2   RID.162 8  00 8 0 
2   RID.163 8  1 9 00 
2   RID.164 8  10 8 0 
2   RID.165 18  1110 23 0110 
2   RID.166 22  1011 18 1010 
2   RID.167 23  000 18 00000 
2   RID.168 22  0000 23 000 
2   RID.169 26  01 21 101 
2   RID.170 12  000 25 01 
1   RID.171 21  001 
2   RID.172 6  0 7 1 
2   RID.173 21  01 21 1101 
2   RID.174 9  00 1 000 
2   RID.175 8  1 9 000 
2   RID.176 21  000 27 0 
2   RID.177 6  0 7 0 
2   RID.178 6  00 10 00 
2   RID.179 8  110 8 0 
2   RID.180 23  111 14 1111 
2   RID.181 4  111 7 11 
2   RID.182 19  0110 25 00 
2   RID.183 8  1 10 01 
2   RID.184 10  00 3 000 
2   RID.185 8  1 8 0 
2   RID.186 6  00 1 11 
2   RID.187 22  011 23 1110 
2   RID.188 8  1 6 0 
2   RID.189 18  1010 23 0111 
2   RID.190 8  10 15 010 
2   RID.191 7  0 9 000 
