Number of Haplotypes 20
1   RID.0 4 0 
1   RID.1 14 0000 
2   RID.2 14  0000 12 0 
1   RID.3 16  000 
2   RID.4 11  00 13 0 
1   RID.5 4 0 
2   RID.6 15  0000 13 00 
2   RID.7 6  0000 17 00 
2   RID.8 13  10 14 00000 
2   RID.9 4  0 3 0 
2   RID.10 4  1 3 0 
2   RID.11 4  0 3 0 
2   RID.12 7  000000 19 00 
2   RID.13 20  1 13 000 
2   RID.14 13  100 16 000 
2   RID.15 10  110 16 000 
2   RID.16 19  00 13 000 
1   RID.17 14  000 
1   RID.18 4 0 
1   RID.19 3 0 
2   RID.20 19  01 10 110 
2   RID.21 14  0000 13 00 
2   RID.22 14  000 18 0 
1   RID.23 15 0000 
1   RID.24 13  0 
2   RID.25 4  1 2 01 
1   RID.26 3 1 
2   RID.27 14  000 13 000 
2   RID.28 1  00 4 0 
2   RID.29 13  0 13 000 
1   RID.30 14  000 
2   RID.31 15  0000 13 0 
2   RID.32 13  0 13 000 
1   RID.33 13 00 
1   RID.34 2  00 
1   RID.35 3 0 
2   RID.36 7  100110 14 0000 
2   RID.37 16  000 13 0 
2   RID.38 14  0000 13 0000 
1   RID.39 4  1 
2   RID.40 15  0000 19 01 
2   RID.41 13  0 16 100 
1   RID.42 3  0 
1   RID.43 4 0 
1   RID.44 13  000 
2   RID.45 4  1 3 0 
2   RID.46 13  0000 18 0 
2   RID.47 20  1 16 000 
2   RID.48 4  0 5 00 
2   RID.49 13  0000 13 0 
1   RID.50 13  000 
1   RID.51 13 000 
2   RID.52 13  1 15 0101 
2   RID.53 13  100 9 0110 
1   RID.54 4 0 
2   RID.55 13  111 14 1110 
1   RID.56 3 0 
1   RID.57 4  1 
2   RID.58 19  00 12 0 
2   RID.59 15  0000 8 00000 
2   RID.60 6  110 4 0 
2   RID.61 7  0000 14 0000 
2   RID.62 13  00 13 00 
1   RID.63 14 0000 
2   RID.64 19  0 16 000 
2   RID.65 1  10 4 0 
2   RID.66 2  11 4 1 
1   RID.67 4 1 
1   RID.68 13 100 
2   RID.69 3  0 5 0 
2   RID.70 17  00 14 0000 
2   RID.71 13  000 6 0 
1   RID.72 17 00 
2   RID.73 13  00 17 00 
2   RID.74 18  0 13 000 
2   RID.75 13  00 13 000 
1   RID.76 4  0 
2   RID.77 14  0000 5 0 
2   RID.78 13  000 13 00 
2   RID.79 9  0110 13 000 
2   RID.80 16  000 19 00 
1   RID.81 16  000 
2   RID.82 5  1 16 000 
1   RID.83 11  10 
2   RID.84 13  00 13 000 
2   RID.85 13  1 15 0000 
2   RID.86 13  00 13 000 
2   RID.87 13  0 14 000 
2   RID.88 18  0 14 000 
2   RID.89 13  100 7 0001 
2   RID.90 13  00 15 0000 
2   RID.91 9  0110 13 000 
2   RID.92 14  0000 20 0 
2   RID.93 13  000 5 0 
2   RID.94 13  00 17 00 
1   RID.95 4  1 
1   RID.96 15  0000 
2   RID.97 18  0 13 0000 
1   RID.98 14 0000 
2   RID.99 14  111 11 11 
2   RID.100 14  0000 12 0 
2   RID.101 13  000 16 000 
2   RID.102 7  00000 20 0 
2   RID.103 13  00 13 000 
2   RID.104 13  111 19 1 
2   RID.105 16  000 13 0 
2   RID.106 18  0 13 000 
2   RID.107 4  1 6 010 
2   RID.108 17  00 13 0 
1   RID.109 14 00000 
2   RID.110 13  0000 9 0000 
1   RID.111 19 00 
1   RID.112 14 000 
1   RID.113 19  0 
2   RID.114 6  0000 16 000 
2   RID.115 19  1 13 0 
2   RID.116 17  00 13 0 
2   RID.117 13  0000 14 0000 
2   RID.118 4  1 2 01 
1   RID.119 3 1 
2   RID.120 4  0 4 1 
2   RID.121 13  000 13 000 
2   RID.122 13  10 14 00000 
2   RID.123 6  0000 13 00 
1   RID.124 5 0 
1   RID.125 15 0000 
2   RID.126 17  00 7 00011 
1   RID.127 4  0 
2   RID.128 13  000 7 0000 
2   RID.129 3  0 5 0 
2   RID.130 7  100110 13 000 
2   RID.131 14  000 13 000 
2   RID.132 9  0000 13 00 
2   RID.133 14  111 17 11 
2   RID.134 13  100 17 00 
1   RID.135 4 0 
1   RID.136 13  00 
2   RID.137 5  1 18 0 
2   RID.138 14  0000 7 00000 
1   RID.139 14 0000 
2   RID.140 3  0 4 0 
1   RID.141 4  0 
1   RID.142 1 11 
2   RID.143 14  000 19 01 
2   RID.144 7  100110 14 000 
2   RID.145 15  0000 13 0000 
2   RID.146 13  000 15 0000 
2   RID.147 3  0 4 0 
1   RID.148 10 001 
2   RID.149 5  0 13 100 
2   RID.150 16  000 9 0000 
2   RID.151 3  0 6 0000 
2   RID.152 13  100 7 000110 
1   RID.153 13  00 
