Number of Haplotypes 33
2   RID.0 15  0000000001 15 1000000001 
2   RID.1 13  0000 25 0 
2   RID.2 10  101 21 1001 
2   RID.3 5  01100 27 000 
2   RID.4 25  10 1 1111 
2   RID.5 26  0 23 10 
2   RID.6 14  0000000 25 0 
2   RID.7 17  00100000 27 0000 
2   RID.8 13  01111 18 1011110 
2   RID.9 15  00000000 22 000 
2   RID.10 13  011111 19 111110 
2   RID.11 24  01 22 110 
2   RID.12 28  000 17 00000000 
2   RID.13 17  00000001 15 10000000 
2   RID.14 19  000001 30 1 
2   RID.15 21  1110 27 010 
2   RID.16 27  010 15 011111110 
2   RID.17 15  000010000 7 00011 
2   RID.18 15  00000000 22 000 
2   RID.19 16  000000000 12 0000 
2   RID.20 21  0001 14 10000000 
2   RID.21 24  00 5 0110011 
2   RID.22 13  1000 25 0 
2   RID.23 12  00 22 000 
2   RID.24 25  00 12 010 
2   RID.25 25  0 8 0010 
2   RID.26 15  00000000 15 000000000 
2   RID.27 17  00000000 13 0000 
2   RID.28 8  1010 26 0001 
2   RID.29 25  0 24 10 
2   RID.30 14  0000000 26 0000 
2   RID.31 5  00101 18 1000001 
2   RID.32 15  00000000 5 0000000 
2   RID.33 26  0 13 0111 
2   RID.34 23  00 17 00100000 
2   RID.35 25  0 19 000001 
2   RID.36 14  0000000 15 00000000 
2   RID.37 9  1101 21 1000 
2   RID.38 25  0 17 00000001 
2   RID.39 26  0 22 110 
2   RID.40 12  10 18 0000001 
2   RID.41 17  00000001 25 1 
2   RID.42 17  00000001 12 100 
2   RID.43 25  0 10 011 
2   RID.44 24  10 5 00100 
2   RID.45 24  10 8 0000 
1   RID.46 12 00 
2   RID.47 23  00 14 00000100 
2   RID.48 26  1001 15 1000000001 
2   RID.49 15  00001000 18 0100000 
2   RID.50 14  00000000 15 00000000 
2   RID.51 17  11011110 17 00111011 
2   RID.52 30  0 23 10 
2   RID.53 25  0 17 00000001 
2   RID.54 12  110 21 0000 
2   RID.55 23  00 25 00 
2   RID.56 18  0000000 17 00000000 
2   RID.57 16  111011110 13 011111 
2   RID.58 24  00 25 00 
2   RID.59 17  00100000 17 00100000 
2   RID.60 15  111110001 25 10 
2   RID.61 13  1000 23 00 
2   RID.62 5  01111 18 1000000 
2   RID.63 22  000 26 0 
2   RID.64 25  0 12 000 
2   RID.65 15  0000100000 25 0 
2   RID.66 19  100000 12 0000 
2   RID.67 30  01 23 11 
2   RID.68 10  101 15 10000000 
2   RID.69 12  100 24 0 
2   RID.70 12  100 17 00100000 
2   RID.71 1  1010 16 011110111 
2   RID.72 16  000000000 25 0 
2   RID.73 16  000000001 27 101 
1   RID.74 25  00 
2   RID.75 24  0 15 000000000 
2   RID.76 18  0000000 5 00000 
2   RID.77 25  0 12 000 
2   RID.78 27  001 17 10000001 
2   RID.79 25  0 23 10 
2   RID.80 17  00000000 18 0000000 
2   RID.81 13  00000 17 00000000 
2   RID.82 12  101 20 10100 
2   RID.83 24  11 1 1101 
2   RID.84 23  01 9 1101 
2   RID.85 12  000 25 0 
2   RID.86 15  00000000 14 00000000 
2   RID.87 17  00100000 12 000 
2   RID.88 14  0000000 17 00000000 
2   RID.89 19  000001 13 100000 
2   RID.90 26  0 22 010 
2   RID.91 25  00 12 010 
2   RID.92 23  00 13 0000 
2   RID.93 12  000 15 000000000 
2   RID.94 13  0000 16 000000001 
2   RID.95 18  0000001 13 100000 
2   RID.96 15  0000000000 23 00 
2   RID.97 22  001 24 1 
2   RID.98 17  11110100 25 0 
2   RID.99 15  000000000 21 0000 
2   RID.100 12  1000 19 000000 
2   RID.101 21  0000 17 00000000 
2   RID.102 30  0 16 000000000 
2   RID.103 27  1000 24 01 
2   RID.104 17  00000000 15 0000000000 
2   RID.105 21  0001 14 1000000 
2   RID.106 1  0001 15 100000000 
2   RID.107 15  000000000 23 01 
2   RID.108 25  0 17 10000001 
2   RID.109 16  000100000 23 00 
2   RID.110 14  0000000 26 0000 
2   RID.111 10  000 21 0000 
2   RID.112 17  00000001 25 1 
2   RID.113 15  0000000000 25 00 
2   RID.114 14  0000000 26 0000 
2   RID.115 15  0000000001 13 1000 
2   RID.116 18  0100000 13 0000 
2   RID.117 11  010 25 01 
2   RID.118 23  01 23 10 
2   RID.119 17  00100000 17 00100000 
2   RID.120 21  0001 1 0001 
2   RID.121 24  0 13 10000 
2   RID.122 19  000000 14 00000000 
2   RID.123 18  0100000 13 0000 
