Number of Haplotypes 28
2   RID.0 18  10000 12 00010 
2   RID.1 7  00 13 01100 
2   RID.2 9  111 14 1011 
2   RID.3 9  00 18 000000 
2   RID.4 11  000 11 000000 
2   RID.5 18  00 7 00 
2   RID.6 7  00 11 0000 
2   RID.7 4  111 11 1110 
2   RID.8 7  00 11 0000 
2   RID.9 9  000 12 000100 
1   RID.10 26 011 
2   RID.11 12  000100 12 00010 
2   RID.12 17  01 11 10001 
2   RID.13 21  00000 9 0000 
2   RID.14 12  000100 12 000100 
2   RID.15 12  00000 17 00 
2   RID.16 9  1100 12 00000 
2   RID.17 11  1111 9 111 
2   RID.18 12  11101 18 111 
2   RID.19 9  0000 16 001 
2   RID.20 10  0000 26 0 
2   RID.21 17  000 9 0 
2   RID.22 9  111 14 1011 
2   RID.23 9  11 12 100000 
2   RID.24 10  0000 18 00000 
2   RID.25 17  00 11 000 
2   RID.26 13  00100 11 0000 
2   RID.27 10  0000 11 00001 
2   RID.28 13  11011 9 11 
2   RID.29 9  11 18 10 
2   RID.30 19  0000000 8 0 
2   RID.31 11  000010 8 0 
1   RID.32 26  000 
2   RID.33 14  0100 12 000100 
2   RID.34 9  000 19 0000000 
2   RID.35 14  0000 9 01 
2   RID.36 18  00 9 01 
2   RID.37 11  1111 9 111 
2   RID.38 13  00100 17 010 
2   RID.39 15  0110 9 010 
2   RID.40 13  01100 8 00 
2   RID.41 18  01 9 111 
2   RID.42 21  00010 24 00 
2   RID.43 4  111 11 1110 
2   RID.44 11  0000 14 0000 
2   RID.45 13  01100 14 00000 
2   RID.46 15  0000 10 0000 
2   RID.47 9  0000 11 0000 
2   RID.48 18  000 10 0000 
2   RID.49 9  110 11 000 
2   RID.50 21  00010 13 01100 
2   RID.51 13  00000 13 00000 
2   RID.52 18  00000 12 001100 
2   RID.53 18  00 9 01 
2   RID.54 11  0000 7 00 
2   RID.55 9  000 11 0000 
2   RID.56 17  10 11 011 
2   RID.57 12  00010 18 000000 
2   RID.58 18  10 12 00010 
2   RID.59 12  000100 10 0000 
2   RID.60 13  01100 7 00 
2   RID.61 11  000 9 00 
2   RID.62 13  11100 18 00 
2   RID.63 8  0 11 000 
2   RID.64 13  01100 7 00 
2   RID.65 7  00 11 0000 
2   RID.66 14  0100 7 00 
2   RID.67 9  00 19 0000010 
2   RID.68 9  0000 19 0101111 
2   RID.69 9  00 12 000100 
2   RID.70 18  100000 9 000 
2   RID.71 14  0100 12 000100 
2   RID.72 9  110 11 0000 
2   RID.73 11  0111 14 10110 
2   RID.74 9  110 18 001101 
2   RID.75 11  0111 18 11101 
2   RID.76 12  00010 9 000 
2   RID.77 9  000 18 00000 
2   RID.78 7  01 23 100 
2   RID.79 7  00 11 0000 
2   RID.80 9  11 18 10 
2   RID.81 9  111 11 1111 
2   RID.82 18  10000 11 0000 
2   RID.83 9  0 12 001100 
2   RID.84 13  11011 9 111 
2   RID.85 9  00 12 001100 
2   RID.86 1  10 13 00100 
2   RID.87 18  000 8 0 
2   RID.88 13  00100 8 0 
2   RID.89 8  0 12 000100 
2   RID.90 18  000 8 0 
2   RID.91 11  000 9 0000 
2   RID.92 18  0110 14 0011 
2   RID.93 11  000 7 01 
2   RID.94 11  1111 9 111 
2   RID.95 14  0000 18 000 
2   RID.96 7  00 21 00000 
2   RID.97 14  00000 4 0000 
2   RID.98 9  00 23 010 
2   RID.99 11  00001 17 11 
2   RID.100 12  001100 7 00 
2   RID.101 11  00001 9 100 
2   RID.102 7  00 17 000 
2   RID.103 17  010 9 0000 
2   RID.104 9  010 18 011010 
2   RID.105 11  00001 9 100 
2   RID.106 12  001100 7 00 
2   RID.107 11  000 8 0 
2   RID.108 14  0000 7 01 
2   RID.109 12  000100 9 00 
2   RID.110 13  11011 9 11 
2   RID.111 13  00100 14 01001 
2   RID.112 9  00000 12 00110 
2   RID.113 12  000100 9 000 
2   RID.114 19  0000000 12 000100 
2   RID.115 7  10 18 00 
2   RID.116 9  00 18 000000 
2   RID.117 26  100 12 00110 
2   RID.118 18  10 9 0000 
2   RID.119 19  0110100 14 0000 
2   RID.120 11  000 9 00 
2   RID.121 8  0 18 00000 
2   RID.122 13  01100 11 00011 
2   RID.123 8  0 11 100010 
2   RID.124 11  00001 3 1 
2   RID.125 10  0000 9 00 
2   RID.126 21  00000 14 0100 
2   RID.127 4  0000 11 000010 
2   RID.128 18  10 12 00010 
2   RID.129 11  00001 9 100 
2   RID.130 11  000010 6 000 
2   RID.131 7  00 12 001100 
2   RID.132 14  1011 14 10110 
2   RID.133 9  00 11 000 
2   RID.134 11  0000 11 00001 
2   RID.135 9  00 18 0000 
2   RID.136 9  110 11 000 
2   RID.137 11  0000 13 00100 
2   RID.138 9  111 14 1011 
1   RID.139 14  0100 
2   RID.140 18  00 13 00000 
2   RID.141 18  100000 11 00001 
2   RID.142 20  101001 7 11 
2   RID.143 13  00000 9 010 
2   RID.144 14  0000 18 00 
2   RID.145 9  111 14 1011 
2   RID.146 10  1000 11 00000 
