Number of Haplotypes 27
2   RID.0 20  0000111 14 111 
2   RID.1 16  011 14 10 
1   RID.2 16  011 
2   RID.3 16  1 16 1 
2   RID.4 17  1100 25 000 
1   RID.5 16 0000 
1   RID.6 16 011 
1   RID.7 16  1 
2   RID.8 14  00 16 000 
2   RID.9 8  00000000 17 0000 
2   RID.10 25  111 16 111 
1   RID.11 16  0110 
2   RID.12 15  00 16 0 
2   RID.13 7  000 24 0000 
2   RID.14 24  1000 16 0 
2   RID.15 16  100 16 00 
2   RID.16 19  01000 10 000100 
2   RID.17 24  1000 14 000 
1   RID.18 16  1 
2   RID.19 14  000 22 001000 
2   RID.20 21  010000 12 0000 
2   RID.21 20  0001100 16 0 
2   RID.22 15  00 16 0 
2   RID.23 19  10000 11 01011 
2   RID.24 1  11 16 1 
2   RID.25 17  00100 8 0110101 
2   RID.26 14  00 16 01 
2   RID.27 16  0 20 110010 
2   RID.28 14  00 16 000 
2   RID.29 8  1000010 16 0 
2   RID.30 16  1 14 01 
2   RID.31 13  100 19 00001 
2   RID.32 16  101 19 10000 
2   RID.33 11  00100 18 000001 
2   RID.34 16  100 10 011011 
2   RID.35 12  0000 22 000000 
1   RID.36 16  1 
2   RID.37 19  10000 16 0 
2   RID.38 16  111 7 11000 
2   RID.39 24  1111 16 1 
2   RID.40 15  00 19 01000 
2   RID.41 16  01 11 10100 
2   RID.42 14  000 10 000100 
2   RID.43 10  000100 16 0110 
2   RID.44 16  100 17 0010000 
2   RID.45 19  00100 7 0111111 
2   RID.46 16  0 19 11000 
2   RID.47 16  01 14 100 
2   RID.48 8  0110101 21 100111 
2   RID.49 16  0 17 1101 
2   RID.50 16  0000 10 000000 
2   RID.51 11  00100 17 0101000 
2   RID.52 17  000 11 00000 
2   RID.53 16  0 14 00 
2   RID.54 17  0000010 4 000 
2   RID.55 14  00 26 00 
2   RID.56 16  0 20 00011 
2   RID.57 16  01 14 100 
1   RID.58 18 011101 
2   RID.59 14  11 16 1 
2   RID.60 17  1100 25 000 
2   RID.61 15  00 17 01010 
2   RID.62 16  01 11 10100 
2   RID.63 16  0 1 101 
2   RID.64 7  0000 17 010 
2   RID.65 24  1111 14 11 
2   RID.66 16  0 19 10100 
2   RID.67 16  00 17 00000 
2   RID.68 16  01 14 100 
2   RID.69 1  101010 16 001 
2   RID.70 12  0100 20 00001 
2   RID.71 16  01 16 11 
2   RID.72 17  0010 24 0111 
2   RID.73 19  00000 16 011 
2   RID.74 16  0 16 1 
2   RID.75 19  10000 16 0 
2   RID.76 24  0001 16 111 
2   RID.77 24  1000 14 000 
2   RID.78 16  000 16 0 
2   RID.79 21  0001111 4 111 
2   RID.80 17  11010 16 01 
2   RID.81 14  11 24 1111 
2   RID.82 19  000100 16 0 
2   RID.83 24  1000 10 000100 
2   RID.84 20  00011 16 1110 
2   RID.85 7  000000 16 0 
2   RID.86 7  0111 7 1000 
1   RID.87 16 0000 
2   RID.88 16  0 17 01001 
1   RID.89 16  1 
1   RID.90 17  1000010 
2   RID.91 16  111 16 1 
2   RID.92 17  110 7 0100001 
2   RID.93 4  000 17 0000010 
2   RID.94 24  1000 7 0100001 
2   RID.95 14  11 17 10100 
2   RID.96 16  100 17 0010000 
2   RID.97 6  0 15 00 
2   RID.98 16  111 17 1000 
2   RID.99 16  0 22 000000 
2   RID.100 19  00100 16 01 
2   RID.101 19  01000 16 0 
2   RID.102 14  000 25 000 
2   RID.103 16  1 1 111101 
2   RID.104 19  00001 15 10 
2   RID.105 24  1000 16 0 
2   RID.106 16  111 16 101 
2   RID.107 17  110 17 0101000 
2   RID.108 16  110 12 0100 
2   RID.109 15  00 16 010 
2   RID.110 11  00100 16 011 
2   RID.111 13  000 16 0000 
