201
27
2   RID.0 5  00 11 010 
2   RID.1 16  0000 2 000 
2   RID.2 10  1010 15 001 
2   RID.3 16  0000 14 01 
2   RID.4 13  0 11 110 
2   RID.5 3  000 20 001 
2   RID.6 13  0 16 1001 
2   RID.7 14  001 13 1 
2   RID.8 9  1000 14 000 
2   RID.9 20  001 9 1101 
2   RID.10 2  001 10 1010 
2   RID.11 5  00 13 000 
2   RID.12 9  1000 13 010 
2   RID.13 20  101 13 1 
2   RID.14 13  0 8 11101 
2   RID.15 10  101 7 1011 
2   RID.16 10  000 9 0000 
2   RID.17 6  0100 18 000 
2   RID.18 16  1010 13 0 
2   RID.19 10  0001 1 101 
2   RID.20 13  0 13 1 
2   RID.21 14  100 14 00 
2   RID.22 10  101 10 110 
2   RID.23 5  001 13 100 
2   RID.24 14  010 16 0001 
2   RID.25 13  0 13 1 
2   RID.26 13  0 13 10 
2   RID.27 10  1110 13 0 
2   RID.28 13  010 23 011 
2   RID.29 20  000 13 000 
2   RID.30 6  0111 13 101 
2   RID.31 17  0000 14 0100 
2   RID.32 12  00 2 000 
2   RID.33 13  1 7 0010 
2   RID.34 10  0110 5 001 
2   RID.35 8  11011 14 1100 
2   RID.36 13  1 6 010 
2   RID.37 6  0100 18 000 
2   RID.38 9  1101 13 1 
2   RID.39 11  010 8 01101 
2   RID.40 13  0 18 10001 
2   RID.41 10  0001 13 100 
2   RID.42 16  1010 7 0000 
2   RID.43 7  1011 13 1 
2   RID.44 13  0 6 111 
2   RID.45 20  001 10 111 
2   RID.46 10  0010 9 0001 
2   RID.47 14  01 13 1 
2   RID.48 1  0 13 1 
2   RID.49 13  1 17 110 
2   RID.50 13  010 23 011 
2   RID.51 18  000 8 01011 
2   RID.52 13  010 23 011 
2   RID.53 8  00000 14 001 
2   RID.54 13  00 1 00 
2   RID.55 13  001 9 1011 
2   RID.56 16  1010 6 0100 
2   RID.57 7  0010 18 011 
2   RID.58 3  100 10 0001 
2   RID.59 1  11 13 110 
2   RID.60 14  00 10 0001 
2   RID.61 10  000 13 0 
2   RID.62 13  0 7 001 
2   RID.63 13  10 7 0000 
2   RID.64 6  0100 10 000 
2   RID.65 13  001 10 1110 
2   RID.66 1  0010 9 0000 
2   RID.67 11  001 13 1 
2   RID.68 7  100 9 0000 
2   RID.69 6  0111 13 1 
2   RID.70 9  1001 7 1110 
2   RID.71 13  1 13 0 
2   RID.72 8  11011 14 1100 
2   RID.73 6  0100 14 0010 
2   RID.74 13  00 1 00 
2   RID.75 13  100 16 0010 
2   RID.76 6  0100 17 010 
2   RID.77 9  1000 14 000 
2   RID.78 20  000 13 0 
2   RID.79 16  0000 14 010 
2   RID.80 10  110 10 001 
2   RID.81 10  0010 13 0 
2   RID.82 13  0 13 0 
2   RID.83 14  1000 13 0 
2   RID.84 5  010 10 000 
2   RID.85 13  1 14 0010 
2   RID.86 13  0 9 0011 
2   RID.87 13  0 20 101 
2   RID.88 14  100 9 0000 
2   RID.89 10  1010 8 01101 
2   RID.90 9  1001 13 101 
2   RID.91 14  010 9 0001 
2   RID.92 20  001 6 1101 
2   RID.93 6  0101 13 1 
2   RID.94 14  1000 3 000 
2   RID.95 13  0 9 0101 
2   RID.96 9  1101 13 100 
2   RID.97 8  0000 10 0001 
2   RID.98 14  0100 10 0010 
2   RID.99 13  000 7 0011 
2   RID.100 9  0000 9 0101 
2   RID.101 7  101 13 1 
2   RID.102 8  01101 13 100 
2   RID.103 10  000 13 0 
2   RID.104 13  010 14 000 
2   RID.105 9  0000 7 000 
2   RID.106 6  0111 14 110 
2   RID.107 24  0000 13 00 
2   RID.108 23  010 13 001 
2   RID.109 5  001 13 100 
2   RID.110 5  00 13 000 
2   RID.111 10  0001 6 1100 
2   RID.112 6  0111 13 1 
2   RID.113 6  010 10 0001 
2   RID.114 8  00000 13 0 
2   RID.115 10  1010 7 0011 
2   RID.116 13  0 14 1100 
2   RID.117 7  1000 18 0001 
2   RID.118 7  101 13 1 
2   RID.119 13  0 21 11 
2   RID.120 3  100 10 0001 
2   RID.121 14  001 8 10000 
2   RID.122 13  00 14 01 
2   RID.123 10  0001 14 10 
2   RID.124 13  10 10 0001 
2   RID.125 9  1101 16 1100 
2   RID.126 7  10000 16 00 
2   RID.127 9  1001 13 101 
2   RID.128 17  0011 9 1000 
2   RID.129 13  010 14 000 
2   RID.130 20  000 13 000 
2   RID.131 10  0001 14 101 
2   RID.132 13  000 13 000 
2   RID.133 7  1011 14 100 
2   RID.134 9  1101 10 101 
2   RID.135 8  01101 18 100 
2   RID.136 14  1000 13 010 
2   RID.137 9  1101 17 1000 
2   RID.138 14  01 9 1001 
1   RID.139 9  0000 
2   RID.140 6  0111 13 1 
2   RID.141 6  0111 13 101 
2   RID.142 14  010 3 001 
2   RID.143 7  1110 10 0110 
2   RID.144 10  0001 1 10 
2   RID.145 13  100 20 000 
2   RID.146 3  000 14 000 
2   RID.147 16  0100 10 0010 
2   RID.148 10  101 14 100 
2   RID.149 14  0100 8 01011 
2   RID.150 20  000 8 00000 
2   RID.151 10  000 9 0000 
2   RID.152 8  01101 10 1010 
2   RID.153 14  0100 13 00 
2   RID.154 14  00 17 0100 
2   RID.155 18  011 13 110 
2   RID.156 13  001 17 100 
2   RID.157 14  0100 3 001 
2   RID.158 6  0111 13 1 
2   RID.159 10  0010 8 0100 
2   RID.160 13  001 13 10 
2   RID.161 7  10000 10 0001 
2   RID.162 13  0 16 1100 
2   RID.163 10  0000 3 000 
2   RID.164 8  00000 14 0010 
2   RID.165 14  00 10 0001 
2   RID.166 13  0 10 1010 
2   RID.167 10  000 5 010 
2   RID.168 8  11011 10 1110 
2   RID.169 13  100 10 000 
2   RID.170 2  001 10 1010 
2   RID.171 9  0000 16 0010 
2   RID.172 10  0110 13 001 
2   RID.173 11  000 6 000 
2   RID.174 13  1 9 0000 
2   RID.175 9  1001 13 101 
2   RID.176 14  100 13 0 
2   RID.177 14  100 6 0001 
2   RID.178 5  001 11 110 
2   RID.179 10  0110 16 0000 
2   RID.180 13  100 16 0010 
2   RID.181 11  110 6 0111 
2   RID.182 9  1001 20 101 
2   RID.183 13  1 13 100 
2   RID.184 8  01101 13 100 
2   RID.185 10  000 14 001 
2   RID.186 14  001 1 10 
2   RID.187 18  00001 5 10 
2   RID.188 14  001 10 1001 
2   RID.189 13  1 14 101 
2   RID.190 10  0010 7 0110 
2   RID.191 16  1010 11 001 
2   RID.192 14  0100 5 001 
2   RID.193 11  010 18 000 
2   RID.194 14  010 16 0000 
2   RID.195 5  00 13 000 
2   RID.196 14  0010 11 001 
2   RID.197 11  000 14 0000 
2   RID.198 18  01101 5 110 
2   RID.199 13  100 14 0010 
2   RID.200 7  0010 18 011 
