Number of Haplotypes 21
2   RID.0 13  00 12 00 
2   RID.1 18  01 13 1111 
2   RID.2 10  01 21 1 
2   RID.3 14  0000 12 00 
2   RID.4 14  1110 12 01 
2   RID.5 14  00000 14 0000 
2   RID.6 12  00 12 00 
2   RID.7 11  01 1 01 
2   RID.8 11  00 12 00 
2   RID.9 12  00 9 000 
2   RID.10 12  11 11 11 
2   RID.11 18  101 14 1011 
2   RID.12 13  00 12 00 
2   RID.13 11  01 1 01 
2   RID.14 19  10 11 01 
2   RID.15 9  110 18 01 
2   RID.16 12  00 10 00 
2   RID.17 14  00000 11 00 
2   RID.18 9  101 12 10 
2   RID.19 18  000 12 00 
2   RID.20 9  000 13 0 
2   RID.21 13  0000 14 0000 
2   RID.22 12  00 14 0000 
2   RID.23 12  0 12 00 
2   RID.24 14  1110 11 01 
2   RID.25 12  00 19 00 
2   RID.26 14  1101 21 1 
2   RID.27 12  11 13 11 
2   RID.28 19  00 12 00 
2   RID.29 13  0 14 00111 
2   RID.30 6  11010 18 00 
2   RID.31 10  00 13 0000 
2   RID.32 18  101 13 10 
2   RID.33 11  00 13 0000 
2   RID.34 13  0 12 0 
2   RID.35 12  0 19 00 
2   RID.36 12  0 19 00 
2   RID.37 8  0101 14 1111 
2   RID.38 16  000 12 00 
2   RID.39 8  0000 12 00 
2   RID.40 9  110 13 0 
2   RID.41 19  01 14 1011 
2   RID.42 19  00 13 0000 
2   RID.43 13  0 10 00 
2   RID.44 12  11 2 100110 
2   RID.45 17  00 13 000 
2   RID.46 13  00 8 0101 
2   RID.47 13  0000 13 0000 
2   RID.48 13  00 21 0 
2   RID.49 12  1 14 0110 
2   RID.50 21  0 12 00 
2   RID.51 14  1110 2 000110 
2   RID.52 8  0000 13 0000 
2   RID.53 13  00 19 00 
2   RID.54 14  0000 13 0000 
2   RID.55 12  00 2 000000 
2   RID.56 19  01 14 1011 
2   RID.57 13  00 14 00111 
2   RID.58 12  00 14 00000 
2   RID.59 14  0000 3 000000 
1   RID.60 13  00 
2   RID.61 12  10 14 0111 
2   RID.62 13  0 12 10 
2   RID.63 9  000 12 00 
2   RID.64 17  00 12 0 
2   RID.65 12  00 13 000 
2   RID.66 12  0 17 000 
2   RID.67 13  0000 13 0000 
2   RID.68 19  00 14 0000 
2   RID.69 8  1110 13 0111 
2   RID.70 13  0000 18 00 
2   RID.71 11  01 19 10 
2   RID.72 14  0011 8 1101 
2   RID.73 13  1111 14 1110 
2   RID.74 13  10 13 0001 
2   RID.75 19  00 13 0000 
2   RID.76 18  101 10 11 
2   RID.77 18  101 14 1011 
2   RID.78 13  00 17 000 
2   RID.79 12  0 19 00 
2   RID.80 14  1111 13 10 
2   RID.81 1  10000 17 000 
2   RID.82 14  0000 3 000000 
2   RID.83 13  000 19 00 
2   RID.84 14  000 12 0 
2   RID.85 14  0000 18 000 
2   RID.86 20  00 12 00 
2   RID.87 11  11 14 1011 
2   RID.88 12  0 21 1 
2   RID.89 12  10 2 001111 
2   RID.90 10  00 17 000 
2   RID.91 13  00 13 0001 
2   RID.92 13  0000 8 0000 
2   RID.93 13  0001 14 10111 
2   RID.94 15  0000 13 0000 
2   RID.95 14  00000 12 0 
2   RID.96 14  00000 12 0 
2   RID.97 13  0 1 10000 
1   RID.98 14  1110 
2   RID.99 14  1110 11 01 
2   RID.100 14  1001 14 1000 
2   RID.101 13  0000 2 0100 
1   RID.102 1  11 
2   RID.103 10  01 13 1 
2   RID.104 12  00 13 00 
2   RID.105 14  0000 2 000000 
2   RID.106 18  000 11 00 
2   RID.107 12  00 12 00 
2   RID.108 14  00000 12 00 
2   RID.109 15  0000 14 0000 
2   RID.110 14  00000 13 0 
2   RID.111 13  000 17 000 
2   RID.112 13  00 12 0 
