162
23
2   RID.0 16  000 8 000000 
2   RID.1 2  0 17 00 
2   RID.2 7  00000 17 000 
2   RID.3 5  00000 7 00000 
2   RID.4 5  00000 15 000 
2   RID.5 11  100001 10 11000 
2   RID.6 7  000101 20 1111 
2   RID.7 7  110000 10 0000100 
1   RID.8 8 00000 
2   RID.9 7  00010 21 011 
2   RID.10 9  000000 19 000 
2   RID.11 10  1011010 7 0001 
2   RID.12 7  11000 1 11 
2   RID.13 3  11 10 101101 
2   RID.14 3  00 7 0000 
2   RID.15 3  0101 11 100100 
2   RID.16 8  01010 8 00111 
2   RID.17 8  000000 4 0000 
2   RID.18 7  00000 3 0000 
2   RID.19 17  00 4 0000 
2   RID.20 8  001011 7 1001 
2   RID.21 3  1101 10 101101 
2   RID.22 10  00001 5 10110 
2   RID.23 10  00000 18 0000 
2   RID.24 7  00000 15 000 
1   RID.25 15 001 
2   RID.26 5  00001 10 11000 
2   RID.27 9  000001 17 11 
2   RID.28 5  01101 21 111 
2   RID.29 15  0000 10 00000 
2   RID.30 4  1011 15 1011 
2   RID.31 10  000000 10 00000 
2   RID.32 3  0000 19 000 
2   RID.33 5  10110 10 000010 
2   RID.34 3  00 6 0000 
2   RID.35 3  0000 6 0000 
2   RID.36 4  0000 15 0000 
2   RID.37 5  10110 4 0011 
2   RID.38 5  00001 20 1010 
2   RID.39 8  10000 19 010 
2   RID.40 10  00000 16 000 
2   RID.41 3  1101 7 1001 
1   RID.42 8  000000 
2   RID.43 1  11 10 11000 
2   RID.44 7  0001 3 1110 
1   RID.45 8  00000 
2   RID.46 19  001 7 1001 
2   RID.47 3  1101 7 10101 
2   RID.48 14  0011 7 101010 
2   RID.49 12  00000 3 0000 
2   RID.50 3  11 7 101010 
2   RID.51 16  111 4 1000 
2   RID.52 7  11000 10 000010 
2   RID.53 10  10110 12 010101 
1   RID.54 11  011010 
2   RID.55 7  0001 8 10101 
2   RID.56 10  00000 13 00000 
2   RID.57 10  01000 3 0101 
2   RID.58 5  01000 1 11 
2   RID.59 10  0000100 5 00101 
2   RID.60 12  11010 5 01000 
2   RID.61 7  00010 3 01 
2   RID.62 13  10101 5 11000 
2   RID.63 3  1101 13 10101 
2   RID.64 5  00000 3 0000 
2   RID.65 16  011 3 110 
2   RID.66 8  001011 18 1001 
2   RID.67 7  1100 3 0 
2   RID.68 12  000000 17 00 
2   RID.69 10  10110 5 01110 
2   RID.70 10  0100001 5 10001 
2   RID.71 17  00 10 0000000 
2   RID.72 4  0000 17 00 
2   RID.73 5  00001 5 10001 
2   RID.74 17  10 5 01000 
2   RID.75 7  0010 18 010 
2   RID.76 16  000 8 000000 
2   RID.77 3  1100 17 01 
2   RID.78 3  1110 7 01000 
2   RID.79 3  0 16 000 
2   RID.80 7  00101 7 101010 
2   RID.81 10  00000 10 000000 
2   RID.82 7  11000 18 001 
2   RID.83 14  0101 4 1010 
2   RID.84 3  0000 5 00000 
2   RID.85 10  00001 3 1100 
2   RID.86 8  100000 12 00100 
1   RID.87 8  000000 
2   RID.88 12  000000 4 0000 
2   RID.89 10  01000 17 011 
2   RID.90 3  0000 8 010100 
2   RID.91 15  000 5 00000 
2   RID.92 3  00000 8 01010 
2   RID.93 7  1100 10 000010 
2   RID.94 1  11 10 101101 
2   RID.95 22  11 10 10110 
2   RID.96 10  01000 11 000001 
2   RID.97 4  1011 13 11001 
2   RID.98 8  010100 3 0000 
2   RID.99 15  001 10 10001 
2   RID.100 10  00000 10 000000 
2   RID.101 9  101000 11 000001 
2   RID.102 10  10110 3 0001 
2   RID.103 11  000000 3 0000 
2   RID.104 1  01 13 11001 
2   RID.105 1  11 15 101 
2   RID.106 3  11 19 110 
2   RID.107 4  0000 7 0000 
2   RID.108 15  000 3 0000 
2   RID.109 20  1010 7 0100 
2   RID.110 5  01101 8 100000 
2   RID.111 8  01010 17 01 
2   RID.112 4  0000 8 010100 
2   RID.113 7  000101 20 1111 
2   RID.114 5  00000 10 0000000 
2   RID.115 7  0001 1 1 
2   RID.116 7  001010 3 0000 
1   RID.117 7  0000 
2   RID.118 15  000 5 00000 
2   RID.119 7  00000 10 00000 
2   RID.120 7  000000 17 00 
2   RID.121 4  1011 7 11000 
2   RID.122 7  11000 10 00001 
2   RID.123 17  00 4 0000 
2   RID.124 8  10000 18 00 
2   RID.125 5  00000 22 00 
2   RID.126 10  1011010 3 00010 
2   RID.127 5  01010 13 01001 
2   RID.128 12  110101 5 10110 
2   RID.129 10  00001 15 1011 
2   RID.130 19  100 10 01000 
2   RID.131 4  0000 8 01010 
2   RID.132 5  00000 15 000 
2   RID.133 3  00000 18 0000 
2   RID.134 8  100000 3 01 
2   RID.135 7  1100 3 0100 
2   RID.136 8  10000 15 0011 
1   RID.137 10 1100001 
1   RID.138 18 1001 
2   RID.139 8  010100 14 0011 
2   RID.140 3  0000 10 0100001 
2   RID.141 18  101 7 11000 
2   RID.142 10  0100001 5 10001 
2   RID.143 16  011 8 100000 
2   RID.144 8  10000 15 0011 
2   RID.145 7  0000 3 0000 
1   RID.146 10 0011010 
2   RID.147 7  0001 3 1110 
2   RID.148 16  010 8 001011 
2   RID.149 13  00011 3 1100 
2   RID.150 3  00 10 0000000 
2   RID.151 5  00001 15 111 
2   RID.152 5  00001 17 11 
2   RID.153 3  1111 17 111 
2   RID.154 12  000011 5 10001 
1   RID.155 10 1011010 
1   RID.156 5 00001 
2   RID.157 3  0000 8 010100 
2   RID.158 4  1011 15 1011 
2   RID.159 10  010000 7 00101 
2   RID.160 8  100000 5 01101 
2   RID.161 10  00001 11 100100 
