Number of Haplotypes 39
2   RID.0 22  1 23 1 
1   RID.1 36 11 
2   RID.2 28  111110 21 0 
2   RID.3 36  01 36 11 
2   RID.4 6  11 7 1 
2   RID.5 20  0 23 1 
1   RID.6 36 10 
2   RID.7 21  1 24 0010 
2   RID.8 34  11 36 11 
2   RID.9 7  0 8 1 
2   RID.10 27  00 23 0 
1   RID.11 36 01 
2   RID.12 35  0 36 10 
2   RID.13 1  00 8 0 
2   RID.14 34  11 36 11 
1   RID.15 36 10 
2   RID.16 9  00 6 00 
1   RID.17 36  0 
1   RID.18 36  01 
2   RID.19 24  1010 23 0 
2   RID.20 35  0 36 00 
2   RID.21 23  11 20 1 
2   RID.22 7  0 9 10 
1   RID.23 35 0 
1   RID.24 36  00 
1   RID.25 36  00 
1   RID.26 36  00 
2   RID.27 36  0 34 01 
2   RID.28 23  1 22 1 
2   RID.29 7  0 8 1 
2   RID.30 23  1 22 1 
2   RID.31 36  01 34 11 
2   RID.32 35  0 36 10 
2   RID.33 8  10 6 0 
2   RID.34 24  1010 22 01 
2   RID.35 34  11 36 1 
2   RID.36 8  1 7 1 
1   RID.37 36 11 
2   RID.38 10  010 23 0 
2   RID.39 8  10 7 0 
2   RID.40 33  1 36 01 
1   RID.41 36  01 
1   RID.42 36 10 
2   RID.43 7  0 3 001 
1   RID.44 7 1 
1   RID.45 36  10 
1   RID.46 34  01 
1   RID.47 29 11110 
1   RID.48 36  10 
2   RID.49 7  0 7 0 
1   RID.50 36 00 
2   RID.51 36  01 31 110 
1   RID.52 36  10 
2   RID.53 22  0 23 01 
2   RID.54 8  1 4 110 
2   RID.55 7  0 10 01 
2   RID.56 5  10 7 01 
2   RID.57 36  10 36 0 
2   RID.58 23  1 23 0 
2   RID.59 8  0 5 00 
1   RID.60 36  01 
1   RID.61 36 10 
2   RID.62 23  1 22 0 
2   RID.63 9  11 1 10 
2   RID.64 32  01 36 11 
2   RID.65 3  000 7 0 
2   RID.66 7  10 7 0 
2   RID.67 7  1 7 0 
1   RID.68 36 0 
1   RID.69 36  00 
1   RID.70 35  1 
2   RID.71 12  0100011 7 1 
2   RID.72 22  0 23 11 
1   RID.73 8 11 
2   RID.74 12  0001000 3 0010 
2   RID.75 4  100 9 00 
2   RID.76 7  0 3 0010 
2   RID.77 7  1 3 0001 
2   RID.78 8  1 6 10 
1   RID.79 34 00 
1   RID.80 35  0 
2   RID.81 3  001 10 1100 
2   RID.82 24  1000 23 0 
1   RID.83 36 01 
2   RID.84 5  00 8 0 
2   RID.85 35  1 36 01 
2   RID.86 7  01 5 10 
2   RID.87 22  0 23 01 
2   RID.88 22  0 23 11 
2   RID.89 36  01 31 110 
2   RID.90 23  1 21 0 
2   RID.91 9  10 7 0 
2   RID.92 8  0 1 10 
2   RID.93 7  0 8 010 
2   RID.94 7  01 10 11 
1   RID.95 34 11 
2   RID.96 12  1000100 7 0 
1   RID.97 34 01 
2   RID.98 7  00 9 00 
2   RID.99 24  1011 21 1 
1   RID.100 35 1 
2   RID.101 3  0 8 1 
2   RID.102 37  1 36 11 
2   RID.103 7  1 7 1 
1   RID.104 26 101 
2   RID.105 23  1 20 1 
2   RID.106 7  1 3 1001 
2   RID.107 21  0 23 11 
2   RID.108 36  01 34 11 
2   RID.109 20  0 23 11 
2   RID.110 8  1 7 1 
2   RID.111 7  01 10 11 
2   RID.112 7  0 8 10 
2   RID.113 8  1 7 0 
2   RID.114 22  1 22 0 
1   RID.115 35 0 
2   RID.116 23  0100 21 0 
2   RID.117 35  0 36 01 
2   RID.118 20  0 23 1 
2   RID.119 7  0 3 1 
2   RID.120 3  0 8 1 
1   RID.121 28 1010 
1   RID.122 28 0010 
1   RID.123 36  01 
1   RID.124 36 10 
2   RID.125 23  11 20 1 
2   RID.126 21  1 24 1010 
2   RID.127 11  00100011 6 11 
2   RID.128 1  00 7 0 
2   RID.129 23  1 20 0 
2   RID.130 7  10 7 0 
2   RID.131 3  0 9 00 
2   RID.132 8  1 7 0 
2   RID.133 8  10 3 0 
2   RID.134 23  1 20 0 
1   RID.135 7 00 
2   RID.136 23  1 20 0 
2   RID.137 23  01 21 1 
2   RID.138 36  1 36 10 
2   RID.139 23  1 22 0 
1   RID.140 36 00 
2   RID.141 23  1 21 0 
2   RID.142 23  01 28 1111 
2   RID.143 22  1 22 1 
1   RID.144 36  10 
1   RID.145 23  1 
2   RID.146 23  1 22 0 
2   RID.147 21  1 24 0010 
2   RID.148 3  00 7 01 
2   RID.149 36  10 36 00 
2   RID.150 24  100 23 0 
1   RID.151 36  10 
1   RID.152 34  00 
2   RID.153 7  1 7 0 
2   RID.154 22  0 23 00 
2   RID.155 8  1 7 0 
2   RID.156 23  1 23 0 
1   RID.157 29 01110 
2   RID.158 20  1 23 0 
2   RID.159 11  00100011 6 1 
2   RID.160 23  1 23 101 
2   RID.161 32  10 36 00 
1   RID.162 36 00 
1   RID.163 38 01 
2   RID.164 36  00 38 0 
2   RID.165 36  10 36 01 
1   RID.166 38 11 
2   RID.167 22  1 23 1 
1   RID.168 36 10 
2   RID.169 7  0 8 0 
2   RID.170 7  00 7 0 
1   RID.171 36 00 
2   RID.172 7  0 7 0 
2   RID.173 36  0 37 0 
2   RID.174 22  1 23 001 
1   RID.175 36  0 
1   RID.176 36 11 
2   RID.177 23  11 20 1 
2   RID.178 29  11110 23 0 
1   RID.179 36  01 
1   RID.180 36 11 
2   RID.181 23  1 24 1100 
2   RID.182 22  0 21 0 
1   RID.183 36  01 
2   RID.184 3  0010 12 0001000 
2   RID.185 8  0 7 0 
2   RID.186 23  1 20 0 
2   RID.187 24  1000 23 0 
2   RID.188 35  0 38 0 
1   RID.189 36 01 
2   RID.190 36  00 35 0 
2   RID.191 23  11 21 1 
2   RID.192 6  11 7 10 
2   RID.193 36  10 36 00 
2   RID.194 36  00 34 01 
2   RID.195 29  11110 23 0 
2   RID.196 24  1010 23 0 
2   RID.197 39  1 36 00 
2   RID.198 7  0 3 0010 
2   RID.199 23  11 20 1 
2   RID.200 11  101 7 1 
2   RID.201 7  1 3 1001 
2   RID.202 9  10 3 0100 
2   RID.203 34  0 36 00 
2   RID.204 20  0 23 01 
2   RID.205 23  1 21 1 
2   RID.206 23  1 34 1 
2   RID.207 22  0 22 1 
2   RID.208 10  11 7 1 
2   RID.209 8  10 7 0 
2   RID.210 22  1 28 00101 
2   RID.211 7  0 3 1 
2   RID.212 9  00 7 0 
2   RID.213 22  0 23 01 
2   RID.214 7  0 1 01 
1   RID.215 35  1 
1   RID.216 36  10 
2   RID.217 23  1 23 0 
1   RID.218 36  10 
2   RID.219 8  0 3 0001 
2   RID.220 35  0 36 10 
1   RID.221 36  01 
2   RID.222 36  0 35 1 
1   RID.223 36  00 
2   RID.224 36  10 36 00 
2   RID.225 7  1 7 0 
1   RID.226 34  00 
2   RID.227 2  0 3 0100 
2   RID.228 23  1 22 0 
1   RID.229 36  01 
1   RID.230 36  00 
2   RID.231 9  100 7 0 
2   RID.232 7  0 8 0 
1   RID.233 35 0 
2   RID.234 7  1 7 0 
2   RID.235 3  0010 7 0 
2   RID.236 22  1 29 01000 
2   RID.237 36  10 35 0 
2   RID.238 9  10 3 0100 
2   RID.239 36  01 39 1 
2   RID.240 22  1 23 1 
2   RID.241 21  1 23 11 
1   RID.242 8  10 
2   RID.243 27  00 21 0 
1   RID.244 36  1 
2   RID.245 4  010 8 0 
1   RID.246 8  10 
2   RID.247 10  01 7 1 
2   RID.248 36  01 31 110 
1   RID.249 23  1 
2   RID.250 22  1 23 0 
2   RID.251 36  00 35 0 
2   RID.252 12  0001000 3 0010 
2   RID.253 23  1 23 01 
2   RID.254 35  0 36 10 
2   RID.255 11  1001 7 1 
1   RID.256 29 11110 
1   RID.257 23  1 
2   RID.258 35  0 36 01 
2   RID.259 7  0 9 10 
2   RID.260 20  1 23 0 
2   RID.261 36  01 36 11 
2   RID.262 7  1 3 100 
2   RID.263 20  0 23 0 
1   RID.264 38  1 
2   RID.265 24  1001 23 1 
2   RID.266 26  000 22 0 
2   RID.267 23  1 21 0 
2   RID.268 25  1011 23 1 
2   RID.269 24  1000 22 0 
2   RID.270 23  0100 20 0 
2   RID.271 9  10 4 000 
2   RID.272 2  1 7 0 
