127
21
2   RID.0 7  0110 13 01 
2   RID.1 5  11 7 111001 
2   RID.2 17  11111 6 111 
1   RID.3 16 1 
2   RID.4 7  0110 5 0001 
2   RID.5 7  01 7 11100 
2   RID.6 7  0110 11 01 
2   RID.7 8  11001 13 1100 
2   RID.8 13  01 7 1110 
2   RID.9 8  11001 13 1100 
2   RID.10 5  0 13 001 
1   RID.11 8 11001 
2   RID.12 5  11 11 10 
2   RID.13 7  11 11 101 
2   RID.14 7  11 5 11 
2   RID.15 5  0001 9 1001 
2   RID.16 7  011001 13 1100 
2   RID.17 7  01100 4 0 
2   RID.18 7  011 7 1110 
2   RID.19 7  01100 17 0 
2   RID.20 5  00 11 0101 
2   RID.21 9  0110 8 00110 
2   RID.22 5  00 5 000 
2   RID.23 7  0110 13 0100 
2   RID.24 9  1001 5 100 
2   RID.25 5  00 16 0 
1   RID.26 7 01100 
2   RID.27 7  01100 5 00 
2   RID.28 7  0110 13 010 
2   RID.29 4  0 16 0 
2   RID.30 11  010 5 000 
2   RID.31 7  011001 5 10 
2   RID.32 2  000 9 0001 
2   RID.33 13  01 7 1110 
2   RID.34 7  011001 5 10 
1   RID.35 5 00 
2   RID.36 7  011001 13 11 
2   RID.37 7  011 17 10000 
2   RID.38 7  01100 5 00 
2   RID.39 7  0110 11 01 
1   RID.40 15  00 
2   RID.41 7  01 1 000 
1   RID.42 13  0100 
2   RID.43 13  010 7 01100 
2   RID.44 2  000 11 0101 
1   RID.45 7 11100 
2   RID.46 8  11001 5 10 
1   RID.47 6  001 
2   RID.48 5  00 7 0110 
1   RID.49 7  01100 
2   RID.50 7  100110 7 000110 
2   RID.51 7  011001 15 10 
1   RID.52 7  0110 
2   RID.53 7  011 16 1 
2   RID.54 7  0110 7 0110 
2   RID.55 7  01 5 10 
2   RID.56 13  010 5 00 
2   RID.57 5  000 5 00 
2   RID.58 5  0001 7 1110 
2   RID.59 10  001 7 11 
2   RID.60 7  0110 5 00 
2   RID.61 13  0100 5 00 
2   RID.62 1  0000 7 0110 
2   RID.63 5  000 7 0110 
2   RID.64 11  01 7 111001 
1   RID.65 7 11100 
2   RID.66 5  00 7 0110 
2   RID.67 9  1001 1 0000 
2   RID.68 14  100 5 01 
2   RID.69 1  1000 13 010 
2   RID.70 5  00 7 0110 
2   RID.71 13  0100 4 0 
2   RID.72 7  01100 11 010 
2   RID.73 9  1001 5 1001 
1   RID.74 7 1110 
2   RID.75 7  011001 5 100 
2   RID.76 7  011001 5 10 
2   RID.77 7  111 7 111 
2   RID.78 13  0100 5 00 
1   RID.79 7 0110 
2   RID.80 8  11001 5 100 
2   RID.81 6  001 13 1100 
2   RID.82 7  0110 12 001 
2   RID.83 1  1000 7 0110 
2   RID.84 7  100110 5 01 
2   RID.85 10  001 7 11 
2   RID.86 9  0110 1 0111 
2   RID.87 7  0110 9 0001 
2   RID.88 5  1111 15 11 
1   RID.89 7 111001 
2   RID.90 1  1000 7 01 
1   RID.91 9 1001 
2   RID.92 11  0101 5 10 
2   RID.93 3  00 7 0110 
2   RID.94 5  00 7 0110 
1   RID.95 8  11001 
2   RID.96 13  0100 7 0110 
2   RID.97 9  1001 5 10 
1   RID.98 7 011001 
2   RID.99 7  0110 5 00 
2   RID.100 5  00 7 011001 
2   RID.101 5  00 6 001 
2   RID.102 7  0110 5 00 
2   RID.103 1  1000 7 01 
1   RID.104 7 111001 
2   RID.105 8  11001 5 10 
1   RID.106 7 011001 
2   RID.107 12  101 7 1110 
2   RID.108 5  00 5 0001 
2   RID.109 6  001 7 111001 
2   RID.110 13  010 5 00 
2   RID.111 11  1010 5 01 
2   RID.112 11  01 7 111001 
1   RID.113 7 11100 
2   RID.114 8  11001 7 1110 
2   RID.115 8  11001 17 1 
2   RID.116 7  100110 7 000110 
1   RID.117 7 000110 
2   RID.118 7  1111 17 11111 
2   RID.119 8  11001 17 1 
2   RID.120 6  001 10 101 
2   RID.121 5  00 9 0001 
1   RID.122 13  0100 
2   RID.123 7  011001 11 11 
2   RID.124 11  01 7 111001 
2   RID.125 7  111 13 1011 
2   RID.126 7  110111 11 10 
