66
22
2   RID.0 12  1110 10 00110 
2   RID.1 5  10 16 0110 
2   RID.2 15  000 1 100 
2   RID.3 10  1011 9 110 
2   RID.4 17  00000 10 000 
2   RID.5 11  01110 5 01100 
1   RID.6 7  100 
1   RID.7 10  1011 
2   RID.8 5  1011 10 10000 
2   RID.9 9  0010 5 01101 
2   RID.10 5  11010 7 0001 
2   RID.11 10  01011 21 11 
2   RID.12 10  010 7 0100 
2   RID.13 10  000 5 01010 
2   RID.14 13  1100 5 01100 
2   RID.15 10  0000 5 001 
2   RID.16 9  0101 5 11010 
2   RID.17 17  01110 10 001 
2   RID.18 10  10111 9 110 
2   RID.19 22  0 5 0011 
2   RID.20 9  000 5 01010 
2   RID.21 12  1110 1 0101 
2   RID.22 1  1101 10 10111 
2   RID.23 10  010 7 0100 
2   RID.24 5  10011 18 11101 
2   RID.25 9  000 17 00000 
1   RID.26 10 000 
2   RID.27 9  0000 1 0000 
2   RID.28 10  101 11 11110 
2   RID.29 5  00000 12 0000 
2   RID.30 1  1110 9 001 
2   RID.31 5  11010 10 000 
2   RID.32 5  0110 22 0 
2   RID.33 4  0 9 000 
2   RID.34 5  1101 10 10000 
2   RID.35 5  00010 10 010 
2   RID.36 1  1101 10 1011 
2   RID.37 10  0101 1 0110 
2   RID.38 9  010 12 0110 
2   RID.39 5  1101 9 110 
1   RID.40 13  000 
1   RID.41 16 01100 
2   RID.42 5  0110 8 0001 
2   RID.43 21  01 5 1 
2   RID.44 5  01100 5 010 
2   RID.45 15  111 8 1100 
2   RID.46 15  111 8 1100 
2   RID.47 5  0110 9 001 
2   RID.48 9  010 5 0101 
2   RID.49 17  00000 10 000 
2   RID.50 9  010 5 01010 
1   RID.51 8 0000 
2   RID.52 10  010 9 001 
2   RID.53 13  0000 8 0000 
2   RID.54 7  1001 1 1 
2   RID.55 1  1000 10 0000 
2   RID.56 10  01011 20 111 
2   RID.57 10  010 12 0110 
2   RID.58 9  001 3 10 
2   RID.59 6  0000 17 00000 
2   RID.60 10  010 18 01111 
2   RID.61 16  0000 10 000 
2   RID.62 10  010 7 0100 
2   RID.63 13  0111 10 101 
2   RID.64 5  0110 16 0111 
2   RID.65 1  1101 10 10111 
