116
21
2   RID.0 8  01000 13 000 
2   RID.1 11  00001 5 110000 
1   RID.2 8 00000 
2   RID.3 5  100010 10 0000 
1   RID.4 14  001 
2   RID.5 13  000 10 00000 
1   RID.6 10 000001 
2   RID.7 16  0 10 1000 
2   RID.8 13  000 1 10 
2   RID.9 8  00000 11 00001 
2   RID.10 14  001 10 10000 
2   RID.11 10  1111 14 100 
2   RID.12 11  00001 16 1 
2   RID.13 20  00 9 0100 
2   RID.14 11  00000 10 0000 
2   RID.15 3  1111111 16 1 
1   RID.16 9 1100 
2   RID.17 13  000 10 0000 
2   RID.18 9  0000 13 001 
1   RID.19 10 1000 
2   RID.20 9  0000 11 00001 
2   RID.21 11  00001 13 101 
2   RID.22 1  10 10 0000 
2   RID.23 1  10000000 10 0000 
2   RID.24 5  001100 11 00000 
1   RID.25 10 00000 
1   RID.26 10  0000 
2   RID.27 16  0 3 0010001 
2   RID.28 11  00000 14 000 
2   RID.29 13  000 1 10000000 
2   RID.30 10  00000 13 000 
2   RID.31 9  1000 1 10001000 
2   RID.32 14  010 5 010000 
2   RID.33 13  000 11 00000 
2   RID.34 11  00000 14 000 
2   RID.35 10  00000 20 01 
2   RID.36 9  0000 20 00 
1   RID.37 9  1000 
2   RID.38 11  00000 16 0 
2   RID.39 10  0000 3 0010001 
1   RID.40 11 10001 
2   RID.41 4  0000001 11 10000 
2   RID.42 8  0010 11 00000 
1   RID.43 13  000 
2   RID.44 1  1000100 11 00000 
2   RID.45 14  001 1 0000 
1   RID.46 9 0000 
2   RID.47 13  000 10 0000 
2   RID.48 10  0000 1 1101 
2   RID.49 15  00 11 00000 
2   RID.50 10  0000 1 110 
2   RID.51 10  0000 16 0 
2   RID.52 16  0 6 01100 
1   RID.53 10  0000 
2   RID.54 8  00000 1 1101 
2   RID.55 1  100000 16 0 
2   RID.56 1  10001 8 11000 
2   RID.57 9  0000 10 0000 
1   RID.58 10  0000 
2   RID.59 10  00000 1 00 
2   RID.60 10  1000 16 0 
1   RID.61 5 010000 
2   RID.62 11  00000 1 10110111 
1   RID.63 13 100 
2   RID.64 5  001100 13 000 
2   RID.65 5  100010 19 000 
2   RID.66 16  0 3 0000110 
2   RID.67 11  00000 11 00000 
1   RID.68 11 00000 
2   RID.69 9  0000 12 0000 
2   RID.70 11  11110 10 0111 
2   RID.71 8  10000 17 011 
2   RID.72 13  000 10 00000 
2   RID.73 15  00 1 00001000 
2   RID.74 13  001 5 110000 
2   RID.75 20  01 10 10000 
2   RID.76 14  001 8 10100 
2   RID.77 4  010001 14 100 
2   RID.78 8  01000 13 000 
2   RID.79 11  00001 13 101 
2   RID.80 14  001 8 10100 
2   RID.81 10  10111 13 110 
1   RID.82 9 0000 
1   RID.83 16  0 
2   RID.84 1  100000 6 00001 
2   RID.85 16  0 6 11100 
2   RID.86 13  000 5 000001 
2   RID.87 1  11010100 15 00 
2   RID.88 7  0010 16 0 
2   RID.89 4  0000001 11 10000 
2   RID.90 4  010001 13 100 
2   RID.91 4  000000 9 0100 
1   RID.92 6  00010 
2   RID.93 13  000 1 1011 
2   RID.94 16  1 10 1000 
2   RID.95 10  00000 10 00000 
1   RID.96 11 00000 
2   RID.97 9  0000 9 0000 
2   RID.98 16  0 5 000010 
2   RID.99 16  0 5 000010 
2   RID.100 11  00000 11 00000 
2   RID.101 10  10000 8 00100 
1   RID.102 9 0000 
2   RID.103 1  100010 14 000 
2   RID.104 10  0000 1 1101 
2   RID.105 1  1011011 10 1000 
2   RID.106 10  0000 13 000 
2   RID.107 13  000 10 0000 
2   RID.108 11  00000 11 00000 
2   RID.109 11  00000 16 0 
2   RID.110 1  100000 6 00001 
2   RID.111 16  0 7 1100 
2   RID.112 1  00 10 00000 
2   RID.113 1  10110 15 00 
2   RID.114 10  00000 10 00000 
1   RID.115 17  1 
