Number of Haplotypes 28
1   RID.0 6  11 
1   RID.1 13  00100 
1   RID.2 13  01110 
1   RID.3 13  111 
2   RID.4 15  1000110 18 0000010100 
2   RID.5 13  00100 18 0000010100 
2   RID.6 18  0000010100 14 0100011 
2   RID.7 2  1011 2 1011 
2   RID.8 13  001000 13 0010 
1   RID.9 2 0011 
2   RID.10 19  0100001110 6 0000101 
2   RID.11 6  1111111 19 1000101001 
2   RID.12 18  0000010100 15 000011 
1   RID.13 18 1110100010 
2   RID.14 13  11111 10 10111 
2   RID.15 10  01000 16 000110011 
2   RID.16 2  0100 1 1010 
2   RID.17 18  00000101001 13 101 
1   RID.18 2  1110 
2   RID.19 18  0000010100 9 001000 
1   RID.20 13  0111 
2   RID.21 6  1110110 18 0111111111 
2   RID.22 6  1110110 18 0111111111 
1   RID.23 18  0101111011 
2   RID.24 13  001 16 10011001 
2   RID.25 15  1000110 20 000101011 
1   RID.26 1 1 
1   RID.27 2 101 
2   RID.28 15  10001100 14 0100011 
