77
23
2   RID.0 9  001 12 1001100 
2   RID.1 12  0001100 9 00100 
2   RID.2 8  000 12 0001 
2   RID.3 9  0010 21 000 
2   RID.4 12  00 1 000 
1   RID.5 12  00011001 
2   RID.6 12  000110 8 0001 
2   RID.7 20  00 9 001 
2   RID.8 16  01101 9 11011 
2   RID.9 12  111001 1 011 
2   RID.10 12  0001 14 111001 
2   RID.11 14  011001 9 10100 
2   RID.12 9  00100 22 00 
2   RID.13 19  100 12 0001 
2   RID.14 18  1011 3 1101 
2   RID.15 9  0010 23 0 
2   RID.16 9  0010 12 0001100 
2   RID.17 12  000 9 0010 
1   RID.18 1 011 
2   RID.19 12  0001100 22 00 
2   RID.20 14  011001 12 1001 
2   RID.21 9  00100 16 00010 
2   RID.22 20  00 12 0001100 
2   RID.23 11  100 6 00 
2   RID.24 12  0001100 1 100010 
1   RID.25 8 0001 
2   RID.26 12  0001 9 1010 
2   RID.27 10  0100 12 000110 
2   RID.28 8  000 12 0001 
2   RID.29 12  0001 9 101 
1   RID.30 9  00100 
2   RID.31 13  0011001 9 1010 
2   RID.32 10  1011 8 1110 
2   RID.33 9  0010 16 00010 
2   RID.34 12  00 8 000 
2   RID.35 12  0001 12 1001 
2   RID.36 12  1110 16 01101 
2   RID.37 7  10 12 00011001 
2   RID.38 12  00111001 7 10 
2   RID.39 12  000110 9 001 
2   RID.40 12  0001 9 1010 
1   RID.41 7 00 
2   RID.42 11  011 12 11 
2   RID.43 23  0 9 1010 
2   RID.44 12  11100110 8 0110 
2   RID.45 14  011001 12 1001 
2   RID.46 12  00 9 0010 
2   RID.47 7  00 12 000110 
2   RID.48 9  00100 12 0001 
2   RID.49 3  1101 12 11100110 
2   RID.50 12  0001100 9 00100 
2   RID.51 12  0001 8 1001 
2   RID.52 9  00100 14 0110010 
2   RID.53 8  0001 12 10 
2   RID.54 19  100 9 0010 
2   RID.55 21  00 9 001 
2   RID.56 12  101011 3 1010 
2   RID.57 9  00100 22 00 
2   RID.58 5  100 13 0011001 
2   RID.59 7  00 19 000 
2   RID.60 9  001 14 1110010 
2   RID.61 9  0010 12 0001 
2   RID.62 11  100 3 0010 
2   RID.63 9  1101 10 1011 
2   RID.64 8  000 12 00 
2   RID.65 10  0100 9 00100 
2   RID.66 8  0001 16 10010 
2   RID.67 14  011001 7 1 
2   RID.68 12  000110 9 001 
2   RID.69 9  00100 20 00 
2   RID.70 7  00 12 0001 
2   RID.71 9  1101 10 1011 
2   RID.72 12  0001 2 10010 
2   RID.73 9  00100 14 011001 
2   RID.74 20  00 10 0100 
2   RID.75 22  00 12 0001100 
1   RID.76 8  111 
