197
56
2   RID.0 49  00 43 000010 
2   RID.1 35  00000000 15 01000 
2   RID.2 32  01011 45 1000 
2   RID.3 43  000000 49 00 
2   RID.4 38  000000 46 0100 
2   RID.5 17  00001000 32 00000 
2   RID.6 8  110001 20 101010 
2   RID.7 46  0100 28 000010 
2   RID.8 44  00010 32 0000000 
2   RID.9 48  00 44 00000 
2   RID.10 45  0000 34 01111 
2   RID.11 44  01101 44 11101 
2   RID.12 45  0000 38 010010 
2   RID.13 46  0100 28 000010 
2   RID.14 37  1101101 49 11 
2   RID.15 46  0001 51 100 
2   RID.16 50  00 39 0000000 
2   RID.17 26  00101101 24 100010 
2   RID.18 20  0001000 19 0000100 
2   RID.19 30  00100 21 001000001 
2   RID.20 20  0000000 30 00001 
2   RID.21 46  1011 39 1000001 
2   RID.22 35  00000 25 000000 
2   RID.23 37  0000000 19 0010000 
2   RID.24 1  111 1 000 
2   RID.25 13  0000 32 001000 
2   RID.26 28  101101 17 11110101 
2   RID.27 39  0000000 49 00 
2   RID.28 49  0 43 000000 
2   RID.29 20  01000000 26 000000 
2   RID.30 30  00001 24 100000 
2   RID.31 19  0010000 26 000000 
2   RID.32 26  100010 21 000101000 
2   RID.33 49  00 44 00010 
2   RID.34 25  100001 15 11110 
2   RID.35 49  00 39 0001000 
2   RID.36 11  111011 20 1100000000 
2   RID.37 7  111000 26 00101101 
2   RID.38 19  0000100 27 0010010 
2   RID.39 52  100 35 000000 
2   RID.40 13  0000000 31 01000 
2   RID.41 22  10100010 15 00011 
2   RID.42 32  010111 43 110000 
2   RID.43 13  0011110 23 0110100 
2   RID.44 25  000010 23 0000001 
2   RID.45 21  000110100 4 0000 
2   RID.46 17  0111010 36 01101101 
2   RID.47 44  01101 40 10000110 
2   RID.48 17  0000100 30 00100 
2   RID.49 17  000000 26 000000 
2   RID.50 19  0000010 22 00101000 
2   RID.51 44  00000 56 0 
2   RID.52 44  00000 49 00 
2   RID.53 22  00000000 25 000000 
2   RID.54 46  1011 49 10 
2   RID.55 9  0000111 13 1011110 
2   RID.56 40  00100000 31 0001 
2   RID.57 49  0 39 1000000 
2   RID.58 20  000000000 35 00001 
2   RID.59 22  00000000 44 00010 
2   RID.60 30  00100 26 000000 
2   RID.61 46  0001 49 11 
2   RID.62 26  000000 30 00100 
2   RID.63 26  000100 13 000000 
2   RID.64 13  1111 34 10000 
2   RID.65 50  00 32 0000000 
2   RID.66 38  000000 44 00010 
2   RID.67 49  0 50 0 
2   RID.68 43  000010 49 0 
2   RID.69 30  00001 43 100000 
2   RID.70 22  00000000 44 00000 
2   RID.71 35  111101 51 10 
2   RID.72 19  0010000 37 0000000 
2   RID.73 49  0 50 01 
2   RID.74 31  00010 16 000000 
2   RID.75 26  000000 18 00010000 
2   RID.76 32  0010000 13 0000 
2   RID.77 40  00100000 49 00 
2   RID.78 25  000000 25 000000 
2   RID.79 49  00 43 000000 
2   RID.80 43  001101 35 100000 
2   RID.81 25  010001 22 10101000 
2   RID.82 25  000000 5 01000 
2   RID.83 24  000001 8 101101 
2   RID.84 49  00 43 000000 
2   RID.85 13  0000000 20 0100000000 
2   RID.86 52  000 46 0001 
2   RID.87 20  0000000000 13 0000 
2   RID.88 44  00010 35 00000 
2   RID.89 44  10000 44 00000 
2   RID.90 30  00100 20 000100 
2   RID.91 19  0000000 26 00000000 
2   RID.92 48  00 32 00100 
2   RID.93 50  0 48 00 
2   RID.94 36  0000000 18 00010000 
2   RID.95 35  00000 46 0011 
2   RID.96 35  11110 17 01110101 
2   RID.97 18  11101011 32 11111 
2   RID.98 30  00100 18 00010000 
2   RID.99 25  111111 22 10110100 
2   RID.100 13  00000 30 00100 
2   RID.101 22  00101000 22 00101000 
2   RID.102 42  0110000 25 000101 
2   RID.103 17  00000010 30 00100 
2   RID.104 30  11010 20 001010 
2   RID.105 8  00111 26 100000 
2   RID.106 25  000000 28 000000 
2   RID.107 49  1 44 00000 
2   RID.108 27  0000000 17 00000000 
2   RID.109 23  0000000 40 00100000 
2   RID.110 30  00001 19 1000000 
2   RID.111 24  100010 35 01110110 
2   RID.112 17  00000000 30 00001 
2   RID.113 25  000101 20 1010100 
2   RID.114 32  010111 20 10101000 
2   RID.115 45  1101 43 101101 
2   RID.116 10  110101 37 1000000 
2   RID.117 44  00000 46 0000 
2   RID.118 48  00 26 000000 
2   RID.119 39  0110110 17 01110101 
2   RID.120 35  000000 52 000 
2   RID.121 35  00000000 44 01101 
2   RID.122 46  1011 35 10000000 
2   RID.123 40  000000010 51 010 
2   RID.124 45  1101 43 101101 
2   RID.125 55  11 39 111011000 
2   RID.126 30  11010 25 000101 
2   RID.127 48  00 26 000001 
2   RID.128 44  01101 49 10 
2   RID.129 51  001 44 11101 
2   RID.130 49  1 54 10 
2   RID.131 51  0011 39 1000001 
2   RID.132 44  00000 48 00 
2   RID.133 25  101111 22 10110100 
2   RID.134 40  110110000 45 0000 
2   RID.135 29  00010 13 000000 
2   RID.136 45  0000 38 010010 
2   RID.137 22  00110000 13 0111 
2   RID.138 31  10101 25 100101 
2   RID.139 16  0000 24 000000 
2   RID.140 20  000100 31 0000 
2   RID.141 43  001101 51 1011 
2   RID.142 19  0000010 22 00101000 
2   RID.143 19  0000010 25 010001 
2   RID.144 30  00001 49 10 
2   RID.145 13  000000 22 01000001 
2   RID.146 48  01 49 11 
2   RID.147 19  0000100 26 000100 
2   RID.148 13  000000 23 0000000 
2   RID.149 16  00000 20 0100000000 
2   RID.150 50  10 32 0101111 
2   RID.151 17  01110101 28 101101 
2   RID.152 25  010001 17 1100000 
2   RID.153 44  01101 35 10000000 
2   RID.154 17  00000 25 000010 
2   RID.155 39  100100 50 01 
2   RID.156 17  11000001 25 110001 
2   RID.157 35  00000 40 00000001 
2   RID.158 22  00000000 24 000000 
2   RID.159 49  00 40 001000000 
2   RID.160 13  0000000 25 000010 
2   RID.161 36  00010010 49 00 
2   RID.162 22  00110000 13 0111110 
2   RID.163 50  1 45 0000 
2   RID.164 49  11 46 1001 
2   RID.165 44  00000 48 00 
2   RID.166 16  000000 31 00010 
2   RID.167 8  1100011 25 100101 
2   RID.168 31  01000 49 00 
2   RID.169 25  000000 23 0000000 
2   RID.170 18  10010000 30 00100 
2   RID.171 12  01111 20 1000101000 
2   RID.172 17  1100000 25 011011 
2   RID.173 31  00010 25 000000 
2   RID.174 36  0000000 45 0101 
2   RID.175 5  11111 20 1010100 
2   RID.176 49  00 43 000010 
2   RID.177 25  000000 13 0000 
2   RID.178 17  0000001 24 100001 
2   RID.179 17  11000001 26 110010 
2   RID.180 22  00101000 24 001000 
2   RID.181 13  111001 24 100010 
2   RID.182 27  0000010 26 000000 
2   RID.183 17  00000010 35 00000 
2   RID.184 23  0000000 3 00000 
2   RID.185 32  010111 43 110000 
2   RID.186 36  0000000 46 0100 
2   RID.187 30  00100 19 0010000 
2   RID.188 13  00111 25 110001 
2   RID.189 13  001111 24 101000 
2   RID.190 48  11 51 101 
2   RID.191 35  00000 46 0011 
2   RID.192 40  110110000 45 0000 
2   RID.193 49  00 32 00100 
2   RID.194 50  01 39 100100000 
2   RID.195 36  0000000 51 0100 
2   RID.196 13  00000 31 01000 
