150
29
1   RID.0 3 0 
2   RID.1 17  000 20 01 
2   RID.2 3  0 5 10 
1   RID.3 4 010 
2   RID.4 20  10 20 00000 
2   RID.5 19  110 14 0000 
2   RID.6 27  01 17 110 
2   RID.7 20  01 26 101 
2   RID.8 27  00 16 0001 
2   RID.9 21  00100 18 01 
2   RID.10 20  100000 16 0000 
2   RID.11 22  000011 20 11 
2   RID.12 16  0110 20 0110 
2   RID.13 18  01 20 10 
2   RID.14 25  0100 19 01 
2   RID.15 24  00100 18 01 
2   RID.16 19  001 24 11001 
2   RID.17 15  00001 28 11 
2   RID.18 20  01 15 10110 
2   RID.19 7  001 17 110 
2   RID.20 20  100 18 01 
1   RID.21 17 101 
1   RID.22 19  110 
2   RID.23 19  11 20 1001 
2   RID.24 14  0000 21 00100 
1   RID.25 20  01101 
1   RID.26 4 101 
2   RID.27 3  0 5 11 
2   RID.28 17  001 20 1001 
1   RID.29 20  10 
2   RID.30 24  00100 20 00 
2   RID.31 4  110 3 0 
2   RID.32 20  10 24 00100 
2   RID.33 20  10 22 00001 
2   RID.34 26  001 14 11011 
2   RID.35 3  0 5 10 
2   RID.36 27  01 17 110 
2   RID.37 11  100 19 010 
1   RID.38 3 0 
1   RID.39 3 0 
2   RID.40 20  01 26 101 
2   RID.41 3  0 4 10 
2   RID.42 21  000001 15 11000 
2   RID.43 14  00 20 0001 
2   RID.44 4  1 3 1 
2   RID.45 3  0 1 1 
2   RID.46 20  10 17 001 
2   RID.47 22  000011 20 11 
2   RID.48 14  00 20 0001 
2   RID.49 20  01 19 101 
2   RID.50 21  00000 20 00 
2   RID.51 1  11 3 1 
2   RID.52 18  00 19 010 
2   RID.53 12  10 20 000 
1   RID.54 3  1 
2   RID.55 20  01101 19 10 
2   RID.56 15  01000 20 0000 
1   RID.57 3  1 
2   RID.58 20  10 26 010 
2   RID.59 20  10010 24 00100 
2   RID.60 20  10 20 00 
2   RID.61 14  001 22 1000110 
2   RID.62 10  0100 29 0 
2   RID.63 24  11001 20 11 
2   RID.64 4  001 3 1 
2   RID.65 19  01 20 10 
2   RID.66 19  001 20 111 
2   RID.67 18  01 15 10001 
1   RID.68 3  1 
2   RID.69 16  0110 20 0110 
2   RID.70 3  1 3 0 
2   RID.71 7  1 3 0 
2   RID.72 17  001 22 110010 
2   RID.73 25  0110 14 0 
2   RID.74 18  01 21 10100 
2   RID.75 4  001 3 1 
2   RID.76 23  000110 20 00 
1   RID.77 3 0 
2   RID.78 22  1011001 15 1011 
2   RID.79 25  1001 19 101 
2   RID.80 21  000001 14 1010 
2   RID.81 14  1 20 011011 
2   RID.82 19  001 16 1110 
2   RID.83 14  0 21 00000 
2   RID.84 26  110 11 010 
1   RID.85 3 0 
2   RID.86 19  01 20 111011 
2   RID.87 4  1 1 11 
2   RID.88 15  0000 15 0110 
2   RID.89 9  001 18 11 
2   RID.90 17  001 14 10 
1   RID.91 5 00 
2   RID.92 19  110 20 00010 
2   RID.93 3  0 5 00 
1   RID.94 4 0 
1   RID.95 5  10 
2   RID.96 27  01 19 10 
2   RID.97 19  110 18 01 
2   RID.98 14  000 20 000100 
2   RID.99 29  1 14 0000 
1   RID.100 3 0 
2   RID.101 20  10 24 00100 
2   RID.102 9  001 3 1 
2   RID.103 20  10 24 00100 
2   RID.104 14  110 18 00 
1   RID.105 4  0 
2   RID.106 9  00 19 010 
2   RID.107 14  0 21 00000 
2   RID.108 4  00 3 0 
2   RID.109 22  010010 20 00 
2   RID.110 25  0100 17 001 
1   RID.111 3  0 
2   RID.112 20  1001 22 1100100 
1   RID.113 5  00 
2   RID.114 21  00100 18 01 
1   RID.115 4 1 
2   RID.116 17  000 20 000000 
1   RID.117 4 001 
2   RID.118 9  00 3 0 
2   RID.119 17  001 7 110 
2   RID.120 22  101100 20 01 
1   RID.121 3  0 
2   RID.122 17  000 21 00000 
2   RID.123 20  10 16 0001 
1   RID.124 3  0 
2   RID.125 15  01000 20 0000 
1   RID.126 4 0 
2   RID.127 18  01 20 10 
2   RID.128 3  0 3 0 
1   RID.129 3  1 
2   RID.130 22  10110 17 010 
1   RID.131 20  10 
2   RID.132 18  10 11 001 
2   RID.133 22  1011001 14 1101 
2   RID.134 20  100 18 01 
2   RID.135 20  1001 19 110 
1   RID.136 3  0 
1   RID.137 4 010 
1   RID.138 3  1 
2   RID.139 3  0 3 0 
1   RID.140 14 000 
2   RID.141 22  1011001 18 100 
2   RID.142 26  100 15 0000 
1   RID.143 4 001 
2   RID.144 3  0 7 1 
1   RID.145 3  1 
2   RID.146 19  010 22 000011 
2   RID.147 22  101100 14 01011 
2   RID.148 29  0 20 11 
2   RID.149 20  0110 28 00 
