Number of Haplotypes 25
2   RID.0 9  01000 20 010 
1   RID.1 9 010000000 
2   RID.2 9  0000 13 01000000 
1   RID.3 18  00000 
2   RID.4 9  00101111 13 11111011 
2   RID.5 9  001011 22 1000 
2   RID.6 22  0100 7 01100 
2   RID.7 5  11 25 1 
2   RID.8 15  000000 1 0101 
2   RID.9 9  000001000 1 1101 
2   RID.10 22  011 1 1101 
2   RID.11 9  0000100 1 0001 
2   RID.12 9  00101 22 1000 
1   RID.13 9  00110000100 
2   RID.14 23  000 7 01010 
2   RID.15 12  00100000 9 00000 
2   RID.16 10  1000000000 5 0101 
2   RID.17 9  00000100000 5 0000 
2   RID.18 23  111 7 10000 
1   RID.19 12 001000000 
2   RID.20 9  0010111110 6 0110 
2   RID.21 7  0101 18 1011 
2   RID.22 5  0000 20 000 
2   RID.23 25  1 9 00000100 
2   RID.24 16  00000 7 0000 
2   RID.25 18  1101 18 1011 
2   RID.26 5  00000 22 0111 
