Number of Haplotypes 22
2   RID.0 7  000 12 00 
2   RID.1 2  001 12 1101 
2   RID.2 19  00 9 0111 
2   RID.3 12  10 7 01011 
2   RID.4 12  10 7 000 
2   RID.5 20  1 12 01 
2   RID.6 14  10001 7 1010 
2   RID.7 7  10101 13 1010 
2   RID.8 12  10100 12 00 
2   RID.9 14  10001 8 1011 
2   RID.10 8  0011 19 10 
2   RID.11 20  1 12 01 
2   RID.12 6  0 9 1111 
2   RID.13 19  00 5 00 
2   RID.14 21  11 11 110 
2   RID.15 14  01001 7 101 
2   RID.16 10  011 10 101 
2   RID.17 12  11 7 11011 
2   RID.18 12  10 13 010001 
2   RID.19 9  011 5 10 
1   RID.20 12 01010 
2   RID.21 7  1010 12 01 
2   RID.22 19  1 12 10 
2   RID.23 14  10001 5 10 
2   RID.24 7  011 12 10 
2   RID.25 11  010 19 00 
2   RID.26 12  00 13 00011 
2   RID.27 1  0 12 11010 
2   RID.28 12  10 1 111 
2   RID.29 7  10101 10 111 
2   RID.30 2  1101 11 110 
2   RID.31 13  010001 10 101 
2   RID.32 19  0 12 10 
2   RID.33 12  10100 11 010 
2   RID.34 19  1 11 01 
2   RID.35 14  00110 5 01 
2   RID.36 12  01 7 110 
2   RID.37 21  00 21 00 
2   RID.38 4  010 9 011 
2   RID.39 7  001 13 101001 
2   RID.40 7  10101 12 11 
2   RID.41 12  11 20 1 
2   RID.42 20  1 12 10 
2   RID.43 21  11 21 11 
2   RID.44 9  1011 12 11010 
2   RID.45 19  00 7 011 
2   RID.46 13  010001 9 1111 
2   RID.47 1  0110 10 011 
2   RID.48 6  0 9 111 
2   RID.49 11  10 7 00101 
2   RID.50 11  010 7 000 
2   RID.51 2  110 11 01 
2   RID.52 7  0010 12 00100 
2   RID.53 12  10 7 01011 
2   RID.54 6  0 9 1111 
2   RID.55 6  0 9 111 
2   RID.56 2  110 19 0 
2   RID.57 13  010001 7 111 
2   RID.58 6  01 8 1011 
2   RID.59 6  0 9 1111 
2   RID.60 7  1 14 10001 
2   RID.61 11  010 1 1110 
2   RID.62 12  01010 9 0011 
2   RID.63 7  00011 2 1101 
2   RID.64 19  1 12 11 
2   RID.65 12  1010 16 001 
2   RID.66 10  010 5 00 
2   RID.67 19  11 12 11 
2   RID.68 9  011 7 100 
2   RID.69 19  1 8 0011 
2   RID.70 7  10101 10 111 
2   RID.71 1  111 10 111 
