120
30
2   RID.0 27  0101 14 100011 
2   RID.1 3  00 12 0000000 
2   RID.2 17  0000 8 0000000 
2   RID.3 5  00011 11 1101000 
2   RID.4 14  101100 7 0101000 
2   RID.5 19  11 6 10110110 
2   RID.6 6  10101000 12 001011 
2   RID.7 9  00000000 23 0001 
2   RID.8 4  100 1 10 
2   RID.9 25  0000 12 0010001 
2   RID.10 17  100 8 0010001 
2   RID.11 7  0110110 12 0010001 
2   RID.12 13  0100011 8 1101101 
2   RID.13 5  0001 12 1111000 
2   RID.14 6  00100111 3 11 
2   RID.15 17  0000 8 0000000 
2   RID.16 3  10 7 0010110 
2   RID.17 10  0000000 5 01000 
2   RID.18 17  0111 7 1110110 
2   RID.19 5  1100 20 000 
2   RID.20 17  000 3 00 
2   RID.21 8  10000010 23 0011 
2   RID.22 1  00 14 010001 
2   RID.23 17  011 5 1001101 
2   RID.24 4  000 20 001 
2   RID.25 21  0000 6 00101000 
2   RID.26 20  111 13 110000 
2   RID.27 1  1 8 0010001 
2   RID.28 5  11110 12 001000 
2   RID.29 9  00000000 11 0000000 
2   RID.30 10  0111110 5 0001001 
2   RID.31 13  010001 23 1100 
2   RID.32 4  00 21 000 
2   RID.33 29  01 12 1010001 
2   RID.34 12  1010001 14 100011 
2   RID.35 3  01 7 1100111 
2   RID.36 3  00 5 0100000 
2   RID.37 2  00 11 0000000 
2   RID.38 14  101111 14 111011 
2   RID.39 20  000 8 0010001 
2   RID.40 20  000 12 0000000 
2   RID.41 3  10 7 0110110 
2   RID.42 13  0100011 12 1010001 
2   RID.43 17  0000 8 0000000 
2   RID.44 10  0110100 3 00 
2   RID.45 17  0000 8 0000000 
2   RID.46 5  111100 15 00001 
2   RID.47 12  1010001 3 10 
2   RID.48 17  011 13 1100011 
2   RID.49 12  101000 6 00110110 
1   RID.50 14 000101 
2   RID.51 21  0000 3 00 
2   RID.52 7  1100000 23 001 
2   RID.53 27  101 14 101100 
2   RID.54 10  0111110 8 000111110 
2   RID.55 10  0110100 6 00110110 
2   RID.56 14  101100 10 0000101 
2   RID.57 14  000000 12 0000000 
2   RID.58 7  0110110 24 000 
2   RID.59 5  1111000 8 000000100 
2   RID.60 12  0010110 18 000 
2   RID.61 11  0000000 4 011 
2   RID.62 7  0000000 14 000000 
2   RID.63 23  000 12 0010110 
2   RID.64 7  0000000 12 000000 
2   RID.65 20  110 12 0010000 
2   RID.66 10  1000101 3 10 
2   RID.67 5  0001101 19 11 
2   RID.68 1  11 14 100001 
2   RID.69 6  10101000 18 000 
2   RID.70 16  0001 4 110 
2   RID.71 10  0000000 16 0000 
2   RID.72 3  01 5 10010011 
2   RID.73 3  00 10 00001011 
2   RID.74 9  00111110 6 00100111 
2   RID.75 5  110 14 001100 
2   RID.76 10  01111100 5 00010 
2   RID.77 8  0000000 14 000000 
2   RID.78 12  001000 5 0110010 
2   RID.79 7  1010110 3 00 
2   RID.80 3  001 18 100 
2   RID.81 21  0001 10 1110100 
2   RID.82 1  00 9 01000101 
2   RID.83 8  11011010 18 011 
2   RID.84 23  010 5 0001101 
2   RID.85 5  11010100 19 00 
2   RID.86 10  0000000 12 0000000 
2   RID.87 14  101100 25 0110 
2   RID.88 12  0000000 20 000 
2   RID.89 9  00111110 6 00100111 
2   RID.90 20  000 6 00000000 
2   RID.91 23  000 5 0101010 
2   RID.92 21  0000 6 00101000 
2   RID.93 16  0000 10 0000000 
2   RID.94 10  1000101 21 100 
2   RID.95 10  0000000 25 0100 
2   RID.96 20  100 3 00 
2   RID.97 23  0001 9 11000101 
2   RID.98 14  100001 21 1000 
2   RID.99 9  00000000 5 010000 
2   RID.100 13  010001 23 1100 
2   RID.101 12  0000000 5 0100000 
2   RID.102 17  0000 14 000000 
2   RID.103 18  000 8 0000000 
2   RID.104 20  000 10 00000000 
2   RID.105 17  011 5 100110 
2   RID.106 5  1101 11 1001011 
2   RID.107 12  0010110 9 01000101 
2   RID.108 7  0110011 19 11 
2   RID.109 12  0010110 21 0000 
2   RID.110 10  0110100 18 011 
2   RID.111 5  1101010 20 000 
2   RID.112 8  110110100 2 01 
2   RID.113 22  0010 5 0001101 
2   RID.114 5  11000000 20 000 
2   RID.115 12  001000 2 01 
2   RID.116 13  1110001 14 110001 
2   RID.117 25  1100 25 0110 
2   RID.118 14  100011 14 100011 
2   RID.119 18  111 10 1110100 
