95
37
2   RID.0 26  0010000 20 0000 
2   RID.1 13  00000 18 01010 
2   RID.2 4  0000010000 18 00000 
2   RID.3 23  01 20 1100 
2   RID.4 16  000001 27 100000 
2   RID.5 9  011001111 21 1111 
2   RID.6 23  01 24 10 
2   RID.7 20  1101 18 11010 
2   RID.8 20  1011 14 10001 
1   RID.9 20  0100 
2   RID.10 20  0000 26 010101 
2   RID.11 3  00000000000 28 00100 
1   RID.12 20  0100 
2   RID.13 14  000000 23 01 
2   RID.14 20  0000 9 0100000 
2   RID.15 20  0000 33 01010 
2   RID.16 21  0000 23 00 
2   RID.17 18  11000 26 010101 
2   RID.18 20  0000 24 00 
2   RID.19 22  000 10 00101110 
2   RID.20 18  01010 8 00000000 
2   RID.21 1  1000 24 01 
2   RID.22 24  1000 20 0000 
2   RID.23 20  1111 5 100000000 
2   RID.24 20  0000 26 0101011 
2   RID.25 24  100 20 0000 
2   RID.26 2  00000001000 22 001 
2   RID.27 28  00000 16 0000000 
2   RID.28 33  1101 16 101100 
2   RID.29 1  00000 19 00100 
2   RID.30 4  0000010000 20 0000 
2   RID.31 19  1010 21 000 
2   RID.32 18  01010 26 0000100 
2   RID.33 19  10100 23 010 
2   RID.34 18  01010 24 00 
2   RID.35 2  11100000010 20 0111 
2   RID.36 14  000000 24 0000 
2   RID.37 18  00000 26 000000 
2   RID.38 5  010000100 33 01101 
2   RID.39 24  11 20 1000 
2   RID.40 20  0100 26 000010 
2   RID.41 26  110101 21 1000 
2   RID.42 7  000010000 33 0110 
2   RID.43 26  001000 18 01000 
2   RID.44 24  00 19 00000 
2   RID.45 6  10000100 21 0110 
2   RID.46 20  0000 26 00000 
2   RID.47 30  000 14 000000 
2   RID.48 21  1100 5 010000100 
2   RID.49 24  11 9 110000001 
2   RID.50 19  10000 23 000 
2   RID.51 3  00000101000 14 000101 
2   RID.52 22  000 32 011 
2   RID.53 32  111 22 101 
2   RID.54 23  10 2 00001000010 
2   RID.55 21  1001 20 1100 
2   RID.56 18  00000 9 00000000 
2   RID.57 20  0000 14 000000 
2   RID.58 25  000000 14 00000 
2   RID.59 1  1001 23 111 
2   RID.60 20  0000 31 01 
2   RID.61 25  1001 18 11000 
2   RID.62 1  11100010 20 0000 
2   RID.63 10  01010000 1 10101011 
2   RID.64 23  01 25 100100 
2   RID.65 20  0000 1 1100110 
2   RID.66 23  010 14 000001 
2   RID.67 21  0000 26 010101 
2   RID.68 1  000 26 000000 
2   RID.69 5  010000101 21 1110 
2   RID.70 36  00 23 010 
2   RID.71 20  0100 5 000000000 
2   RID.72 21  1111 33 11101 
2   RID.73 21  0111 28 10000 
2   RID.74 18  01010 23 01 
2   RID.75 18  00000 13 00000 
2   RID.76 4  0111000010 23 00 
2   RID.77 18  01000 20 0000 
2   RID.78 20  0000 23 01 
2   RID.79 6  10000100 21 0110 
2   RID.80 20  0000 27 000000 
2   RID.81 23  01 22 101 
2   RID.82 20  0000 33 01010 
2   RID.83 18  01010 1 1000 
2   RID.84 14  000101 3 10000101000 
2   RID.85 22  000 32 0110 
2   RID.86 18  01000 34 0000 
2   RID.87 18  00000 9 00000000 
2   RID.88 31  001 6 10000101 
2   RID.89 13  00000 23 010 
2   RID.90 31  11 20 1111 
2   RID.91 33  11101 21 1111 
2   RID.92 20  1010 20 0100 
2   RID.93 7  010100000 26 00100 
2   RID.94 20  0000 24 00 
