Number of Haplotypes 34
2   RID.0 12  01 10 10 
1   RID.1 21  00000 
2   RID.2 12  0 18 0 
1   RID.3 10 00 
2   RID.4 7  00 12 01 
2   RID.5 20  1 21 1101 
2   RID.6 9  000 12 01 
1   RID.7 9  000 
2   RID.8 5  000 12 00 
2   RID.9 9  000 10 00 
2   RID.10 8  00 12 00 
1   RID.11 30 000 
2   RID.12 9  000 12 00 
2   RID.13 22  1010 26 000 
2   RID.14 20  1 21 01101 
2   RID.15 20  0 33 1 
1   RID.16 8  0000 
2   RID.17 12  00 9 000 
2   RID.18 17  00 12 0 
2   RID.19 20  0000 26 000000 
2   RID.20 15  11 10 10 
2   RID.21 20  0 23 000 
2   RID.22 12  01 9 100 
2   RID.23 21  00000 22 0000 
2   RID.24 23  000 21 000 
1   RID.25 33 0 
1   RID.26 14  0 
2   RID.27 21  11010 26 000 
2   RID.28 9  000 12 000 
2   RID.29 13  00 4 0 
2   RID.30 26  0000 24 00 
2   RID.31 20  0 26 000 
2   RID.32 12  10 12 0 
2   RID.33 12  00 16 00 
2   RID.34 12  00 14 00 
2   RID.35 21  11101 29 1111 
2   RID.36 10  00 12 01 
1   RID.37 9  000 
2   RID.38 8  00 15 000 
2   RID.39 5  0000 15 000 
2   RID.40 9  000 13 00 
2   RID.41 14  000 10 00 
2   RID.42 17  00 12 00 
2   RID.43 29  1000 20 0 
2   RID.44 31  00 20 0000 
1   RID.45 25 00 
1   RID.46 22  0000 
2   RID.47 20  0000 22 0000 
1   RID.48 22 0010 
2   RID.49 21  1101 25 11 
2   RID.50 18  1 10 10 
2   RID.51 20  0 33 00 
2   RID.52 9  111 12 10 
2   RID.53 31  00 23 000 
2   RID.54 21  00000 22 0000 
2   RID.55 20  0000 33 0 
2   RID.56 26  11111 21 111 
2   RID.57 26  000 22 0000 
2   RID.58 34  0 20 0000 
2   RID.59 12  10 15 001 
2   RID.60 21  1110 20 0 
2   RID.61 21  00000 21 00000 
2   RID.62 24  01 20 1 
2   RID.63 28  1111 22 1101 
2   RID.64 26  1001 20 111 
2   RID.65 9  000 12 0 
1   RID.66 21 00000 
2   RID.67 5  000 12 0 
1   RID.68 16  00 
2   RID.69 15  110 9 000 
2   RID.70 6  000 12 00 
2   RID.71 20  1 28 0100 
2   RID.72 10  00 17 0 
1   RID.73 26 00000 
2   RID.74 12  00 5 000 
2   RID.75 26  100 22 0010 
1   RID.76 21 01101 
1   RID.77 20 1000 
1   RID.78 5 011 
1   RID.79 21  00000 
2   RID.80 10  10 14 000 
2   RID.81 23  000 26 000000 
2   RID.82 21  00000 23 000 
1   RID.83 12 01 
2   RID.84 12  00 9 000 
2   RID.85 14  011 12 11 
2   RID.86 20  0000 21 00000 
2   RID.87 21  11101 30 111 
1   RID.88 24 10 
2   RID.89 20  0 26 0000 
2   RID.90 12  01 9 100 
2   RID.91 15  000 5 000 
2   RID.92 29  0000 20 0000 
1   RID.93 10 00 
1   RID.94 26 00010 
2   RID.95 12  00 9 000 
2   RID.96 9  000 13 00 
2   RID.97 17  00 12 01 
2   RID.98 20  0000 20 0 
1   RID.99 12 01 
2   RID.100 8  0000 12 010 
2   RID.101 20  111 32 11 
2   RID.102 26  000000 20 0000 
2   RID.103 14  011 9 100 
2   RID.104 22  0000 22 0000 
1   RID.105 21 00000 
2   RID.106 5  000 12 01 
2   RID.107 24  00 21 0000 
1   RID.108 9  000 
2   RID.109 21  00000 26 00 
2   RID.110 7  00 12 00 
2   RID.111 12  00 12 0 
1   RID.112 12  0 
2   RID.113 8  0000 12 000 
2   RID.114 8  00 14 000 
2   RID.115 26  000 21 00000 
2   RID.116 30  000 24 000 
2   RID.117 12  0 10 00 
1   RID.118 12 00 
2   RID.119 25  01 20 1110 
2   RID.120 12  01 17 10 
2   RID.121 12  01 9 100 
1   RID.122 9  000 
2   RID.123 14  000 10 00 
2   RID.124 7  00 12 01 
2   RID.125 24  101 20 111 
2   RID.126 20  0 26 10 
2   RID.127 20  111 30 100 
2   RID.128 12  0 19 0 
2   RID.129 21  11101 20 1 
2   RID.130 25  00 23 000 
2   RID.131 10  00 8 0000 
2   RID.132 20  0000 33 0 
1   RID.133 26  10010 
2   RID.134 12  00 5 000 
2   RID.135 12  00 14 000 
1   RID.136 25  00 
1   RID.137 21  00000 
2   RID.138 26  0000 20 0000 
2   RID.139 20  0 20 000 
2   RID.140 26  10 23 010 
1   RID.141 23 010 
2   RID.142 12  000 10 00 
2   RID.143 20  000 26 0000 
1   RID.144 24 001 
1   RID.145 12 1 
2   RID.146 12  0 6 100 
1   RID.147 12 00 
1   RID.148 8  00 
1   RID.149 26  00000 
2   RID.150 20  1111 26 11111 
2   RID.151 26  1001 22 1010 
2   RID.152 9  111 16 11 
2   RID.153 20  0 26 10000 
2   RID.154 24  01 21 11101 
2   RID.155 26  111 26 100 
1   RID.156 20 01 
1   RID.157 23  000 
2   RID.158 12  00 10 00 
2   RID.159 8  1111 12 10 
1   RID.160 20 0000 
2   RID.161 20  111 20 100 
2   RID.162 12  0 12 01 
2   RID.163 26  100 20 0110 
2   RID.164 11  1 14 011 
2   RID.165 27  00100 21 01010 
2   RID.166 21  00000 26 000 
2   RID.167 9  000 12 00 
2   RID.168 12  1 14 000 
2   RID.169 20  0 26 000 
2   RID.170 20  1 24 00 
2   RID.171 24  00 22 0000 
2   RID.172 9  000 12 0 
1   RID.173 9  000 
2   RID.174 20  1 25 01 
2   RID.175 21  11010 26 00010 
1   RID.176 10 00 
2   RID.177 26  100 21 01010 
2   RID.178 21  0000 26 00 
2   RID.179 25  01 20 1 
2   RID.180 10  00 12 00 
1   RID.181 25 00 
2   RID.182 12  0 12 00 
2   RID.183 24  10 22 0010 
1   RID.184 12 0 
2   RID.185 12  01 10 10 
1   RID.186 25  00 
2   RID.187 23  010 30 000 
2   RID.188 12  00 12 00 
2   RID.189 12  01 17 10 
2   RID.190 31  00 22 0010 
1   RID.191 22 0101 
2   RID.192 21  110 23 010 
2   RID.193 21  00000 32 01 
1   RID.194 23  000 
2   RID.195 14  000 9 000 
1   RID.196 7 00 
1   RID.197 12 00 
2   RID.198 9  000 10 00 
2   RID.199 21  11010 23 010 
2   RID.200 12  01 7 10 
2   RID.201 26  000000 22 0000 
1   RID.202 14 0 
2   RID.203 9  000 12 010 
2   RID.204 12  00 16 01 
1   RID.205 21  00000 
1   RID.206 12  00 
2   RID.207 12  00 7 00 
2   RID.208 6  000 12 01 
2   RID.209 14  00 12 00 
2   RID.210 28  1111 22 1101 
1   RID.211 8  0000 
2   RID.212 26  100 22 0010 
1   RID.213 20 0000 
1   RID.214 21 01101 
2   RID.215 21  00000 24 00 
1   RID.216 24  101 
2   RID.217 26  00 21 000 
2   RID.218 10  00 12 00 
2   RID.219 21  00000 24 00 
2   RID.220 8  00 12 0 
1   RID.221 20 011 
1   RID.222 7 10 
2   RID.223 9  000 13 00 
1   RID.224 20  0000 
2   RID.225 21  11101 20 1 
2   RID.226 12  000 9 000 
2   RID.227 14  000 12 00 
2   RID.228 4  1 12 0 
2   RID.229 9  000 13 00 
2   RID.230 21  11101 26 11111 
2   RID.231 8  00 12 00 
2   RID.232 4  00 14 011 
2   RID.233 12  01 9 100 
2   RID.234 10  00 12 000 
2   RID.235 12  0 9 000 
2   RID.236 9  000 12 00 
2   RID.237 6  000 12 0 
2   RID.238 20  111 23 101 
2   RID.239 26  100 20 01 
1   RID.240 24 100 
2   RID.241 23  101 20 11 
2   RID.242 12  0 11 1 
1   RID.243 21 11101 
1   RID.244 31 11 
1   RID.245 12 100 
1   RID.246 26  100 
2   RID.247 21  00000 20 0000 
1   RID.248 21  1101 
2   RID.249 12  0 5 100 
2   RID.250 26  000 23 000 
1   RID.251 20  0 
1   RID.252 23 000 
2   RID.253 6  000 12 00 
1   RID.254 12 001 
1   RID.255 9  000 
1   RID.256 29  1000 
1   RID.257 17 01 
2   RID.258 10  00 12 0 
2   RID.259 9  000 13 00 
2   RID.260 20  1110 26 000100 
2   RID.261 9  000 12 01 
1   RID.262 14 100 
2   RID.263 21  00000 21 00000 
1   RID.264 9 011 
2   RID.265 20  1 34 1 
2   RID.266 20  0000 23 000 
2   RID.267 26  111111 22 1101 
2   RID.268 14  000 12 0 
2   RID.269 21  00000 21 00000 
1   RID.270 22 0000 
1   RID.271 8 0000 
1   RID.272 12 01 
2   RID.273 9  110 12 00 
2   RID.274 21  00000 20 0 
1   RID.275 8  11 
2   RID.276 10  00 12 01 
1   RID.277 14 100 
2   RID.278 20  0000 21 00000 
2   RID.279 7  00 5 000 
2   RID.280 6  000 9 000 
2   RID.281 21  00000 26 000000 
2   RID.282 21  00000 26 00 
1   RID.283 14  00 
2   RID.284 12  00 14 000 
2   RID.285 10  00 8 00 
2   RID.286 20  00 34 0 
2   RID.287 30  000 22 0000 
1   RID.288 28 0000 
1   RID.289 21 00000 
2   RID.290 20  0 26 00000 
2   RID.291 20  0 21 0000 
2   RID.292 26  000 23 000 
1   RID.293 8  00 
2   RID.294 20  111 22 1010 
1   RID.295 23 000 
1   RID.296 8 00 
2   RID.297 10  00 9 000 
2   RID.298 24  000 20 00 
2   RID.299 21  0000 32 0 
1   RID.300 20  0000 
2   RID.301 21  00000 26 000 
2   RID.302 12  10 1 111 
1   RID.303 26 10 
2   RID.304 9  000 12 00 
