Number of Haplotypes 34
2   RID.0 9  000 5 011 
2   RID.1 10  101 6 11 
2   RID.2 7  101 3 1111 
2   RID.3 3  000 8 00 
2   RID.4 3  011 7 1 
2   RID.5 8  0000 3 0001 
2   RID.6 8  00 3 0000 
2   RID.7 7  101 3 1111 
2   RID.8 23  0000 23 00 
2   RID.9 29  0000 19 000 
2   RID.10 5  010 8 00 
2   RID.11 16  0 7 0 
2   RID.12 3  00 6 00 
2   RID.13 1  10 7 00 
2   RID.14 23  1111 23 1111 
2   RID.15 2  0 8 1101 
2   RID.16 22  0 24 100 
2   RID.17 27  011110 26 0011 
2   RID.18 10  0000 7 0 
1   RID.19 25  1011 
2   RID.20 25  0001 22 1 
1   RID.21 22  0 
2   RID.22 13  000 7 00 
2   RID.23 19  1111 23 1111 
2   RID.24 23  00 26 0100 
2   RID.25 1  10 7 00 
2   RID.26 24  000 32 0 
2   RID.27 1  10 7 01 
2   RID.28 25  11011 25 110 
1   RID.29 23 0111 
2   RID.30 25  0001 25 10 
2   RID.31 12  111 7 1 
2   RID.32 8  00 3 0001 
2   RID.33 23  111 23 1 
2   RID.34 17  11 27 100000 
2   RID.35 24  111 33 1 
2   RID.36 19  111 23 100 
2   RID.37 23  11 33 1 
2   RID.38 3  0000 15 00 
2   RID.39 17  011 26 1010 
2   RID.40 25  00 21 00 
2   RID.41 7  00 8 00 
2   RID.42 3  0000 12 0010 
2   RID.43 7  111 3 10 
2   RID.44 25  00100 21 00 
2   RID.45 23  00 25 000 
2   RID.46 2  0 7 0 
2   RID.47 19  1111 25 110 
2   RID.48 7  000 8 00 
2   RID.49 3  0111 8 1110 
2   RID.50 34  1 25 000 
1   RID.51 23 0111 
2   RID.52 23  000 27 000000 
2   RID.53 23  0 25 00 
2   RID.54 28  10001 21 10 
2   RID.55 10  01 7 11 
2   RID.56 23  00 23 00 
2   RID.57 19  1111 23 1111 
2   RID.58 7  111 7 1 
2   RID.59 33  0 25 110 
2   RID.60 23  0000 24 000 
2   RID.61 25  001 33 10 
2   RID.62 23  0000 25 0001 
2   RID.63 23  00 25 0001 
2   RID.64 7  00 9 000 
2   RID.65 10  00 7 00 
2   RID.66 33  01 24 111 
2   RID.67 24  111 24 110 
2   RID.68 6  10 12 0000 
2   RID.69 7  000 8 000 
2   RID.70 31  00 25 001 
2   RID.71 23  0000 28 00000 
2   RID.72 23  11 33 1 
2   RID.73 23  00 26 0010 
2   RID.74 8  00 7 0 
2   RID.75 6  00 8 0000 
1   RID.76 7 00 
2   RID.77 25  0001 25 10 
2   RID.78 29  0001 23 10 
2   RID.79 17  01 25 100 
2   RID.80 23  11 27 1111 
2   RID.81 12  0000 7 011 
2   RID.82 33  0 23 1 
2   RID.83 25  001 27 100 
2   RID.84 8  11 3 1011 
2   RID.85 2  0 12 100 
2   RID.86 23  00 23 0000 
2   RID.87 23  00 27 000000 
2   RID.88 7  1 10 00 
2   RID.89 23  0000 25 00010 
2   RID.90 5  111 10 11 
2   RID.91 14  010 5 010 
2   RID.92 7  11 3 1011 
1   RID.93 24  000 
2   RID.94 23  000 24 000 
2   RID.95 8  00 3 0000 
2   RID.96 7  0 3 00 
2   RID.97 23  00 23 0000 
2   RID.98 28  00000 23 0000 
2   RID.99 23  0 23 0000 
2   RID.100 7  00 7 000 
2   RID.101 7  000 3 0001 
2   RID.102 34  1 23 1111 
2   RID.103 23  00 23 0000 
2   RID.104 23  0110 24 000 
2   RID.105 25  00010 23 00 
1   RID.106 24 000 
2   RID.107 28  10001 21 10 
2   RID.108 29  0000 23 0000 
2   RID.109 33  0 23 0111 
2   RID.110 30  001 25 100 
2   RID.111 3  01 7 10 
1   RID.112 23  00 
2   RID.113 23  1101 23 1111 
2   RID.114 23  000 33 01 
2   RID.115 3  0001 7 10 
2   RID.116 33  0 23 01 
2   RID.117 25  110 28 01110 
2   RID.118 11  000 5 000 
2   RID.119 3  000 7 00 
2   RID.120 6  10 3 000 
1   RID.121 26  0100 
2   RID.122 25  00010 18 011 
2   RID.123 7  00 3 00 
2   RID.124 23  00 23 0000 
2   RID.125 5  111 3 101 
2   RID.126 23  0000 33 00 
2   RID.127 5  000 8 000 
2   RID.128 23  0000 22 0 
2   RID.129 27  000000 17 00 
2   RID.130 8  1101 4 111 
2   RID.131 23  1111 31 10 
2   RID.132 19  0000 31 00 
2   RID.133 8  01 7 10 
2   RID.134 24  000 19 0110 
1   RID.135 25 000 
2   RID.136 8  01 7 10 
2   RID.137 25  0001 30 101 
2   RID.138 33  11 23 100 
2   RID.139 27  0000 23 00 
2   RID.140 7  1 14 01 
2   RID.141 25  001 26 1100 
2   RID.142 7  10 7 001 
2   RID.143 7  000 12 000 
2   RID.144 25  001 23 10 
2   RID.145 3  00 7 00 
2   RID.146 28  00000 23 0000 
2   RID.147 27  100000 22 0 
2   RID.148 3  0111 8 11 
2   RID.149 23  00 25 0010 
1   RID.150 3  0111 
2   RID.151 23  00 33 0 
1   RID.152 25 00010 
2   RID.153 6  11 12 111 
1   RID.154 23  0000 
1   RID.155 23 0111 
2   RID.156 23  000 27 000000 
1   RID.157 26  0000 
2   RID.158 8  00 3 00 
2   RID.159 6  10 12 0000 
2   RID.160 14  11 7 10 
2   RID.161 7  111 8 11 
2   RID.162 9  000 7 00 
2   RID.163 25  11011 18 111 
2   RID.164 23  00 28 00000 
2   RID.165 21  00 26 0000 
2   RID.166 12  111 7 10 
2   RID.167 34  1 23 0111 
2   RID.168 6  11 3 111 
2   RID.169 10  10 7 00 
2   RID.170 25  00 27 010001 
2   RID.171 1  10 7 000 
2   RID.172 23  00 27 010001 
2   RID.173 24  111 23 1111 
2   RID.174 7  0 7 100 
2   RID.175 27  0111 23 11 
2   RID.176 2  0 7 10 
2   RID.177 23  1111 25 1101 
2   RID.178 25  0010 19 011 
2   RID.179 27  010001 19 111 
2   RID.180 26  0010 17 011 
2   RID.181 3  0000 7 0 
2   RID.182 12  0000 3 001 
2   RID.183 5  111 9 101 
2   RID.184 26  0010 23 00 
2   RID.185 19  1111 27 111110 
2   RID.186 7  1 4 011 
2   RID.187 16  0 7 1 
2   RID.188 10  00 3 00 
2   RID.189 25  00 23 0 
2   RID.190 22  1 28 01110 
2   RID.191 7  00 8 0000 
2   RID.192 5  111 3 101 
2   RID.193 25  0000 33 0 
2   RID.194 26  0010 23 00 
2   RID.195 23  00 27 000000 
2   RID.196 23  0 25 00000 
2   RID.197 23  0000 23 0000 
2   RID.198 23  1 33 0 
2   RID.199 25  00 25 000 
2   RID.200 2  0 3 0000 
2   RID.201 25  0000 24 000 
1   RID.202 25  001 
2   RID.203 27  00000 25 0000 
2   RID.204 27  000 17 00 
2   RID.205 17  111 28 11110 
2   RID.206 23  11 30 110 
2   RID.207 7  111 3 10 
2   RID.208 19  1111 25 110 
2   RID.209 10  0000 7 000 
2   RID.210 8  11 3 10 
2   RID.211 17  11 23 1111 
2   RID.212 25  1101 23 1111 
2   RID.213 21  10 23 00 
2   RID.214 23  00 27 000000 
2   RID.215 28  00000 23 0 
2   RID.216 3  1011 7 111 
2   RID.217 7  11 7 11 
2   RID.218 7  11 4 111 
2   RID.219 3  000 8 00 
2   RID.220 26  0000 22 0 
1   RID.221 25  000 
2   RID.222 25  110 25 0101 
2   RID.223 7  11 16 1 
2   RID.224 23  00 28 00000 
2   RID.225 12  111 7 1 
2   RID.226 7  11 10 110 
2   RID.227 1  0 5 011 
1   RID.228 23 10 
2   RID.229 23  1 25 0101 
2   RID.230 7  111 3 1011 
2   RID.231 3  0000 9 000 
1   RID.232 7  00 
2   RID.233 25  11011 28 11110 
2   RID.234 23  11 33 1 
2   RID.235 23  00 33 0 
2   RID.236 33  1 23 0000 
2   RID.237 30  000 25 001 
2   RID.238 23  00 25 00 
2   RID.239 3  000 8 00 
2   RID.240 25  0000 27 000000 
2   RID.241 7  000 7 00 
2   RID.242 17  11 23 1111 
2   RID.243 7  000 10 00 
2   RID.244 23  1111 25 11 
2   RID.245 23  0000 25 0000 
2   RID.246 17  111 23 1111 
2   RID.247 7  0 7 100 
2   RID.248 23  0000 23 00 
2   RID.249 3  0001 8 1000 
2   RID.250 7  0 3 00 
2   RID.251 23  11 23 1111 
2   RID.252 7  00 3 0001 
2   RID.253 23  0000 17 011 
1   RID.254 7  0 
2   RID.255 7  10 12 0111 
2   RID.256 22  0 27 100000 
2   RID.257 12  0000 5 011 
2   RID.258 9  101 5 111 
2   RID.259 7  1 10 10 
2   RID.260 25  00 25 000 
2   RID.261 25  0010 27 000000 
2   RID.262 23  0000 27 000000 
2   RID.263 23  00 33 0 
2   RID.264 31  10 24 011 
2   RID.265 25  0010 31 00 
2   RID.266 2  0 7 0 
2   RID.267 8  11 7 111 
2   RID.268 7  00 2 0 
2   RID.269 23  0000 27 010001 
2   RID.270 3  00 7 000 
2   RID.271 24  000 25 0010 
2   RID.272 25  00 25 0000 
2   RID.273 23  00 21 00 
2   RID.274 25  110 27 011110 
2   RID.275 7  00 3 0000 
2   RID.276 23  1111 27 111110 
2   RID.277 15  00 7 000 
2   RID.278 7  10 14 01 
2   RID.279 28  00000 25 001 
2   RID.280 4  1111 7 1 
