126
31
2   RID.0 12  101110 15 010101 
2   RID.1 12  00 24 000 
2   RID.2 17  0000 19 0011 
2   RID.3 13  100000 19 0000 
2   RID.4 31  1 19 0011 
2   RID.5 20  000 23 0 
2   RID.6 8  0000 23 0 
2   RID.7 19  0011 10 100 
2   RID.8 12  011111 14 111010 
2   RID.9 12  111100 19 0011 
2   RID.10 14  00000 10 000 
2   RID.11 10  000 23 0 
2   RID.12 19  0000 23 000 
2   RID.13 23  1 19 0011 
2   RID.14 19  0011 10 1000 
2   RID.15 29  010 13 000010 
2   RID.16 21  11 24 111110 
2   RID.17 14  00010 10 00 
2   RID.18 19  000 20 000 
2   RID.19 20  000 14 000000 
2   RID.20 18  010 23 0 
2   RID.21 18  010 12 000 
2   RID.22 14  00010 19 0011 
2   RID.23 10  000 18 000 
2   RID.24 16  00000 5 0000000 
2   RID.25 23  0 20 001 
2   RID.26 14  00000 24 00000 
2   RID.27 12  010000 21 001 
2   RID.28 19  1011 24 111110 
2   RID.29 13  000010 21 01 
2   RID.30 8  1000 18 010 
2   RID.31 18  000 10 000 
2   RID.32 14  00010 24 011 
2   RID.33 10  000 18 000 
2   RID.34 20  011 12 10000 
2   RID.35 15  110101 23 111 
2   RID.36 12  0000010 23 0 
2   RID.37 3  110110111 15 101010 
2   RID.38 12  00 14 00010 
2   RID.39 18  101 25 11110 
2   RID.40 13  011101 21 11 
2   RID.41 24  00000 19 0011 
2   RID.42 19  1011 12 100001 
2   RID.43 14  00010 18 010 
2   RID.44 13  000000 21 00 
2   RID.45 14  000101 20 111 
2   RID.46 21  00 1 110101000 
2   RID.47 14  00010 12 00 
2   RID.48 13  000010 21 010 
2   RID.49 13  000000 19 0011 
2   RID.50 15  000000 18 000 
2   RID.51 19  0011 24 10000 
2   RID.52 21  01 19 110 
2   RID.53 3  000000000 14 000000 
2   RID.54 21  110 13 000010 
2   RID.55 20  000 12 01000 
2   RID.56 19  1011 14 10010 
2   RID.57 21  01 13 111101 
2   RID.58 3  000000000 23 0 
2   RID.59 1  1000100000 20 000 
2   RID.60 18  101 14 111010 
2   RID.61 14  00000 18 000 
2   RID.62 14  00000 22 01 
2   RID.63 14  111010 30 00 
2   RID.64 12  0100000 14 00000 
2   RID.65 27  110 12 000001 
2   RID.66 12  01 24 1000 
2   RID.67 29  111 15 100000 
2   RID.68 12  110 18 000 
2   RID.69 17  1010 19 0011 
2   RID.70 1  100110111 14 100000 
2   RID.71 18  010 12 000001 
2   RID.72 19  0000 14 000000 
2   RID.73 21  11 12 1000010 
2   RID.74 16  00000 12 0000 
2   RID.75 13  000000 18 000 
2   RID.76 23  1 14 00000 
2   RID.77 20  011 12 10 
2   RID.78 15  001010 29 0 
2   RID.79 20  000 19 000 
2   RID.80 21  01 22 10 
2   RID.81 21  11 12 1000010 
2   RID.82 1  111101000 21 00 
2   RID.83 23  0 19 0101 
2   RID.84 14  00000 16 00000 
2   RID.85 19  1011 7 11000 
2   RID.86 13  100000 24 000001 
2   RID.87 14  000000 21 00 
2   RID.88 21  11 24 111110 
2   RID.89 18  000 12 000000 
2   RID.90 1  11 21 10 
2   RID.91 20  011 17 1000 
2   RID.92 15  001010 19 0011 
2   RID.93 19  0101 19 1101 
2   RID.94 21  01 19 110 
2   RID.95 10  1111 21 11 
2   RID.96 21  00 12 010000 
2   RID.97 19  0101 12 101110 
2   RID.98 19  0011 19 1011 
2   RID.99 19  1011 17 1010 
2   RID.100 19  1011 12 1000010 
2   RID.101 20  011 12 100 
2   RID.102 14  111010 23 0 
2   RID.103 28  10 12 001 
2   RID.104 10  000 18 000 
2   RID.105 24  00000 19 0011 
2   RID.106 23  1 14 10000 
2   RID.107 18  000 16 00000 
2   RID.108 12  000 23 0 
2   RID.109 18  101 18 101 
2   RID.110 23  1 14 10000 
2   RID.111 23  10 16 00000 
2   RID.112 1  1010110 14 00000 
2   RID.113 24  11111 19 1011 
2   RID.114 22  01 14 10000 
2   RID.115 21  01 15 110101 
2   RID.116 19  1011 14 100101 
2   RID.117 14  111010 3 011011011 
2   RID.118 21  11 14 100101 
2   RID.119 21  00 16 00000 
2   RID.120 19  0101 19 1101 
2   RID.121 19  0101 24 111 
2   RID.122 20  011 23 10 
2   RID.123 21  11 11 100 
2   RID.124 23  1 14 00000 
1   RID.125 18  000 
