18
28
2   RID.0 14  00000001 5 10 
2   RID.1 15  0001000 5 0 
2   RID.2 15  0001000 5 0 
2   RID.3 9  1111011111011 6 110 
2   RID.4 2  11 13 101010001 
2   RID.5 1  1 1 1 
2   RID.6 11  01101111111 4 10 
2   RID.7 13  010000100 6 0110011111 
2   RID.8 15  0001000 5 0 
2   RID.9 13  101010001 5 1 
2   RID.10 5  01 11 10001100010 
2   RID.11 11  01001011010 6 00000 
2   RID.12 6  1111000111 24 11111 
2   RID.13 22  11 5 1 
2   RID.14 2  1110 25 0111 
2   RID.15 6  1111011111 10 110010000100 
2   RID.16 2  00 19 0100 
2   RID.17 6  1001101011 22 11 
