89
23
2   RID.0 14  01 9 10111 
2   RID.1 16  1 14 11 
2   RID.2 7  011 10 111101 
2   RID.3 15  0 13 110 
2   RID.4 7  0000 14 00 
2   RID.5 15  1 19 01001 
2   RID.6 17  0110100 14 01 
2   RID.7 14  01 4 11010 
2   RID.8 14  10 10 00001 
2   RID.9 9  110 16 0 
2   RID.10 7  0110 13 001 
2   RID.11 7  101 14 11 
2   RID.12 4  01101 14 11 
1   RID.13 4  01101 
2   RID.14 14  01 10 111101 
2   RID.15 2  10 15 0 
1   RID.16 7 001 
2   RID.17 9  101 16 1 
2   RID.18 7  0110 16 0 
2   RID.19 14  10 4 000 
2   RID.20 14  10 14 00 
2   RID.21 6  1011 11 11101 
2   RID.22 10  0111 14 11 
2   RID.23 16  0 9 1000 
2   RID.24 4  00000 14 00 
2   RID.25 12  1101 2 1101 
2   RID.26 5  10101 11 10101 
2   RID.27 12  0101 9 1100 
2   RID.28 12  0010 5 00000 
2   RID.29 14  01 9 110 
2   RID.30 13  101 17 1001 
2   RID.31 14  01 4 1101 
2   RID.32 9  101 16 1 
2   RID.33 12  0010 5 00000 
2   RID.34 16  000 5 00000 
2   RID.35 7  101 16 110 
2   RID.36 16  1 10 00010 
2   RID.37 14  01 16 110 
2   RID.38 14  01 9 110 
2   RID.39 14  01 15 1 
2   RID.40 11  00010 4 00000 
2   RID.41 9  10111 16 1 
2   RID.42 11  10111 11 10101 
2   RID.43 14  01 10 1001 
2   RID.44 14  01 19 11001 
2   RID.45 7  10110 17 000 
2   RID.46 6  1011 14 11 
2   RID.47 6  1011 14 11 
2   RID.48 11  11101 4 11101 
2   RID.49 9  1100 12 0101 
2   RID.50 16  01 9 11001 
2   RID.51 9  00000 17 0000010 
1   RID.52 9  11001 
1   RID.53 1  1 
2   RID.54 14  10 14 00 
2   RID.55 15  1 10 0111 
2   RID.56 14  01 5 10101 
1   RID.57 14 11 
2   RID.58 10  1001 16 1 
2   RID.59 16  1 10 11110 
2   RID.60 11  11101 7 111 
2   RID.61 9  10111 11 11101 
2   RID.62 13  101 16 110 
2   RID.63 11  11101 17 1110100 
2   RID.64 17  011 12 1101 
2   RID.65 9  00000 16 0 
2   RID.66 15  0 7 0000 
2   RID.67 11  11101 14 11 
2   RID.68 7  1011 14 11 
2   RID.69 10  0111 2 1101 
2   RID.70 12  0101 7 1011 
2   RID.71 17  011 12 1101 
1   RID.72 12  0101 
2   RID.73 10  00001 9 100 
1   RID.74 13  101 
2   RID.75 5  00000 16 0 
2   RID.76 7  0110 16 0 
2   RID.77 9  0000 12 0010 
2   RID.78 14  10 7 0000 
2   RID.79 12  0101 16 1 
2   RID.80 13  101 8 1000 
1   RID.81 10 0111 
2   RID.82 15  1 7 1011 
2   RID.83 10  0111 14 11 
2   RID.84 10  0111 15 1 
2   RID.85 6  1011 11 11101 
2   RID.86 8  1111 14 11 
2   RID.87 14  01 14 11 
2   RID.88 12  0101 16 1 
