Number of Haplotypes 20
2   RID.0 9  00000 13 0 
2   RID.1 11  000 9 00000 
2   RID.2 14  110 14 0 
2   RID.3 12  00 8 00000 
2   RID.4 9  00000 14 000 
2   RID.5 14  111 5 1000 
2   RID.6 14  0 13 0 
2   RID.7 9  00000 14 00 
1   RID.8 8 00000 
2   RID.9 14  00 4 01001 
2   RID.10 13  0 17 1000 
2   RID.11 9  00000 13 0 
2   RID.12 8  10000 16 000 
2   RID.13 19  00 12 00 
2   RID.14 2  101100 14 000 
2   RID.15 14  000 14 0 
2   RID.16 9  10111 13 1 
2   RID.17 8  10000 18 000 
2   RID.18 17  1100 14 0 
2   RID.19 2  0000 14 00 
2   RID.20 10  0000 13 0 
2   RID.21 14  110 14 0 
2   RID.22 5  000000 15 0000 
2   RID.23 12  00 14 00 
2   RID.24 11  000 14 000 
2   RID.25 14  111 17 100 
2   RID.26 11  000 14 0 
2   RID.27 5  100100 14 000 
2   RID.28 8  00000 19 00 
2   RID.29 3  00000 13 0 
2   RID.30 17  1011 6 110001 
2   RID.31 14  00 8 00000 
2   RID.32 14  1 14 0 
2   RID.33 15  0000 4 01001 
2   RID.34 14  000 14 000 
2   RID.35 14  000 12 00 
2   RID.36 15  1011 11 111 
2   RID.37 13  0 14 1 
2   RID.38 15  0000 3 000000 
2   RID.39 3  10111 15 101 
2   RID.40 16  101 14 1 
2   RID.41 14  0 12 10 
2   RID.42 17  0000 14 00 
2   RID.43 14  110 14 0 
2   RID.44 9  00000 13 0 
2   RID.45 13  0 5 00010 
2   RID.46 14  000 8 00000 
2   RID.47 14  000 2 01010 
2   RID.48 10  0000 15 000 
2   RID.49 14  000 14 0 
2   RID.50 14  0 8 00000 
2   RID.51 13  0 8 00000 
2   RID.52 9  00000 15 0000 
2   RID.53 14  1 7 011110 
2   RID.54 14  11 6 11101 
2   RID.55 13  0 1 0 
2   RID.56 16  000 14 0 
2   RID.57 12  00 14 00 
2   RID.58 6  00100 14 000 
2   RID.59 14  000 4 01001 
2   RID.60 14  00 4 01001 
2   RID.61 14  000 14 000 
2   RID.62 13  0 9 00001 
2   RID.63 14  1 16 111 
2   RID.64 14  11 14 1 
2   RID.65 17  000 14 0 
2   RID.66 14  000 14 0 
2   RID.67 5  000000 14 0 
2   RID.68 14  1 17 0111 
2   RID.69 19  00 8 00000 
2   RID.70 14  000 9 0000 
2   RID.71 4  11001 14 10 
2   RID.72 8  10000 19 00 
2   RID.73 14  000 14 0 
2   RID.74 2  10111 14 100 
2   RID.75 14  0 11 010 
2   RID.76 14  000 13 0 
2   RID.77 13  0 2 00 
2   RID.78 14  1 15 001 
2   RID.79 14  110 11 010 
2   RID.80 1  0 13 0 
2   RID.81 14  0 14 000 
2   RID.82 14  1 6 01101 
2   RID.83 12  00 15 0000 
2   RID.84 9  00000 6 0000000 
2   RID.85 11  000 3 01100 
2   RID.86 13  0 14 00 
2   RID.87 14  1 14 010 
2   RID.88 8  00000 12 00 
2   RID.89 14  000 9 00000 
2   RID.90 9  00000 14 0 
2   RID.91 13  0 17 0000 
2   RID.92 13  0 17 0000 
2   RID.93 14  000 8 00000 
2   RID.94 19  00 6 001000 
2   RID.95 19  00 13 0 
2   RID.96 11  110 14 01 
1   RID.97 14  000 
2   RID.98 17  0000 9 00000 
2   RID.99 6  11010 14 011 
2   RID.100 14  110 9 01011 
2   RID.101 14  000 14 000 
2   RID.102 13  0 14 0 
2   RID.103 15  1011 14 11 
2   RID.104 6  000000 19 00 
1   RID.105 6 001101 
2   RID.106 6  00100 14 0 
2   RID.107 13  0 2 00 
2   RID.108 11  000 14 000 
1   RID.109 14  11 
2   RID.110 14  0 2 10100 
2   RID.111 17  1111 11 111 
2   RID.112 14  0 14 100 
