194
20
2   RID.0 10  001 5 10001 
2   RID.1 12  0 12 10 
2   RID.2 14  0 1 0010 
2   RID.3 12  11 15 10 
2   RID.4 9  0000 6 00000 
2   RID.5 10  100 15 01 
2   RID.6 5  01000 13 0 
2   RID.7 5  0000 13 0 
2   RID.8 14  00 9 0001 
2   RID.9 8  11010 6 0011 
2   RID.10 9  0000 6 0000 
2   RID.11 9  0000 6 00000 
2   RID.12 12  00 10 010 
2   RID.13 9  0000 12 00 
2   RID.14 14  00 10 001 
2   RID.15 8  00000 10 000 
2   RID.16 12  00 13 00 
2   RID.17 5  010 11 00 
2   RID.18 10  000 11 00 
2   RID.19 4  0 13 00 
2   RID.20 5  01000 13 0 
2   RID.21 13  10 8 01001 
2   RID.22 8  11010 5 0001 
2   RID.23 15  11001 8 11010 
2   RID.24 14  0 12 01 
2   RID.25 8  00000 5 010 
2   RID.26 11  00 5 01000 
2   RID.27 8  01001 12 1 
2   RID.28 7  00100 10 001 
2   RID.29 13  10 10 001 
2   RID.30 15  01001 5 101 
2   RID.31 9  1001 15 10000 
2   RID.32 1  1011 15 11 
2   RID.33 13  10 10 001 
2   RID.34 13  00 6 0000 
2   RID.35 5  00 11 00 
2   RID.36 15  01111 10 100 
2   RID.37 10  000 13 00 
2   RID.38 10  100 1 1010 
2   RID.39 5  00 11 00 
2   RID.40 9  0100 15 01001 
2   RID.41 14  00 9 0001 
2   RID.42 5  000 5 01 
2   RID.43 10  100 15 01 
2   RID.44 9  1001 20 1 
2   RID.45 5  000 10 001 
2   RID.46 13  0 10 100 
2   RID.47 14  1 12 00 
2   RID.48 15  01 10 100 
2   RID.49 13  00 10 000 
2   RID.50 15  11 5 1001 
2   RID.51 10  100 1 1011 
2   RID.52 11  00 13 0 
2   RID.53 11  00 13 01 
2   RID.54 7  00100 9 0001 
2   RID.55 10  010 9 0010 
2   RID.56 13  10 10 001 
2   RID.57 9  1010 13 0 
2   RID.58 10  000 5 0100 
2   RID.59 8  01001 7 10100 
2   RID.60 5  00001 15 10 
2   RID.61 5  0100 11 00 
2   RID.62 8  01001 5 10001 
2   RID.63 9  1010 5 00011 
2   RID.64 15  11001 6 1011 
2   RID.65 9  1010 12 00 
2   RID.66 12  00 13 00 
2   RID.67 5  101 10 100 
2   RID.68 16  0000 10 001 
2   RID.69 9  1001 10 101 
2   RID.70 13  1 5 100 
2   RID.71 10  100 7 00010 
2   RID.72 4  1 13 0 
2   RID.73 14  0 11 00 
2   RID.74 13  0 5 01 
2   RID.75 12  11 7 10100 
2   RID.76 16  0000 10 001 
2   RID.77 7  00000 13 0 
2   RID.78 1  1010 10 010 
2   RID.79 5  000 10 001 
2   RID.80 13  1 6 10010 
2   RID.81 6  0100 15 0 
2   RID.82 14  00 12 0 
2   RID.83 10  001 10 101 
2   RID.84 13  00 5 01 
2   RID.85 12  11 15 10 
2   RID.86 10  110 10 001 
2   RID.87 15  01 12 1 
2   RID.88 10  000 10 000 
2   RID.89 8  01001 14 10 
2   RID.90 14  0 9 0000 
2   RID.91 9  0000 13 0 
2   RID.92 9  0000 7 00000 
2   RID.93 12  1 1 1011 
2   RID.94 5  11 12 1 
2   RID.95 14  01 7 11101 
2   RID.96 10  001 7 10100 
2   RID.97 12  11 15 10 
2   RID.98 11  01 13 10 
2   RID.99 7  10010 13 01 
2   RID.100 13  0 14 1 
2   RID.101 8  00000 10 000 
2   RID.102 9  0000 14 0 
2   RID.103 5  00 14 0 
2   RID.104 9  0000 14 0 
2   RID.105 10  100 11 00 
2   RID.106 8  01001 13 10 
2   RID.107 13  00 10 010 
2   RID.108 11  00 10 000 
2   RID.109 10  001 10 101 
2   RID.110 10  100 5 00100 
2   RID.111 8  11010 1 0101 
2   RID.112 9  0000 5 01000 
2   RID.113 10  110 10 000 
2   RID.114 15  01 5 11000 
2   RID.115 6  0100 10 000 
2   RID.116 4  1 9 0000 
2   RID.117 4  0 8 00100 
2   RID.118 1  0011 13 1 
2   RID.119 10  001 5 10 
2   RID.120 5  00 10 001 
2   RID.121 7  01101 10 110 
2   RID.122 8  01001 14 10 
2   RID.123 10  001 10 101 
2   RID.124 13  0 10 110 
2   RID.125 1  0011 13 1 
2   RID.126 9  1010 10 010 
2   RID.127 12  0 5 01 
2   RID.128 12  0 9 1000 
2   RID.129 12  11 5 11 
1   RID.130 12 1 
1   RID.131 11 10 
2   RID.132 13  0 5 0 
2   RID.133 8  01001 5 11 
2   RID.134 10  010 1 1010 
2   RID.135 10  001 12 1 
2   RID.136 15  11 5 1001 
2   RID.137 6  0011 13 10 
2   RID.138 10  100 12 00 
2   RID.139 7  01101 1 0111 
2   RID.140 13  1 5 10 
2   RID.141 15  01 10 100 
2   RID.142 13  10 5 000 
2   RID.143 5  00011 12 10 
2   RID.144 10  001 12 1 
2   RID.145 13  10 5 00001 
2   RID.146 12  0 8 10100 
2   RID.147 10  000 13 00 
2   RID.148 9  1001 15 10 
2   RID.149 1  1011 15 11 
1   RID.150 10  001 
2   RID.151 1  1111 10 101 
2   RID.152 11  00 15 01 
2   RID.153 13  0 9 1100 
2   RID.154 10  100 13 01 
2   RID.155 5  00001 8 11001 
2   RID.156 5  000 10 001 
2   RID.157 5  00001 13 1 
2   RID.158 13  10 11 01 
2   RID.159 5  00 11 00 
2   RID.160 6  00010 13 0 
2   RID.161 7  00000 9 0000 
2   RID.162 13  0 10 000 
2   RID.163 13  1 5 000 
2   RID.164 5  0000 15 00000 
2   RID.165 9  1001 13 1 
2   RID.166 5  0000 10 001 
2   RID.167 7  00000 9 0000 
2   RID.168 12  11 6 1001 
2   RID.169 15  01 12 1 
2   RID.170 10  100 15 01 
2   RID.171 9  1001 16 1000 
2   RID.172 7  00100 10 001 
2   RID.173 10  100 6 01001 
2   RID.174 14  1 12 10 
2   RID.175 8  00000 10 000 
2   RID.176 15  11001 12 10 
2   RID.177 1  1111 12 11 
2   RID.178 15  01001 5 101 
2   RID.179 12  00 10 010 
2   RID.180 8  01001 5 11 
2   RID.181 12  11 7 10100 
2   RID.182 5  000 13 00 
2   RID.183 8  00000 5 01000 
2   RID.184 5  00001 9 1001 
2   RID.185 5  000 8 01010 
2   RID.186 13  10 11 01 
2   RID.187 5  00 10 001 
2   RID.188 5  0 13 1 
2   RID.189 9  0000 4 0 
2   RID.190 4  0 13 00 
2   RID.191 6  00110 17 001 
2   RID.192 13  10 4 0 
2   RID.193 12  00 14 0 
