Number of Haplotypes 21
2   RID.0 6  110 1 1 
2   RID.1 9  00 6 0100 
2   RID.2 2  111 8 10 
2   RID.3 2  0000 8 00 
2   RID.4 2  111 11 101111 
2   RID.5 2  0000 6 010 
2   RID.6 5  0000 5 0000 
2   RID.7 5  000 9 00 
2   RID.8 8  11 5 10 
2   RID.9 9  00 5 0110 
2   RID.10 8  00 20 00 
2   RID.11 5  100 11 001111 
2   RID.12 9  11001 6 101 
2   RID.13 6  000 5 0000 
2   RID.14 5  0000 15 000 
2   RID.15 15  000 2 000 
2   RID.16 6  1100 10 00100 
2   RID.17 5  0110 9 000 
2   RID.18 6  110 11 010000 
2   RID.19 5  000 6 000 
2   RID.20 8  10 18 01 
2   RID.21 10  01000 2 0 
2   RID.22 2  000 8 01 
2   RID.23 7  100 9 00010 
2   RID.24 2  000 5 0000 
2   RID.25 17  00 19 0 
2   RID.26 5  0 7 000 
2   RID.27 3  000 6 000 
2   RID.28 8  00 2 000 
2   RID.29 8  10 2 011 
2   RID.30 9  00 5 00 
2   RID.31 9  001000 5 0000 
2   RID.32 10  01000 2 0 
2   RID.33 6  110 1 1 
2   RID.34 10  01000 2 0000 
2   RID.35 10  01000 8 00 
2   RID.36 6  001 11 1011110 
2   RID.37 9  00 4 00 
2   RID.38 11  010000 5 01 
2   RID.39 9  00 5 0000 
2   RID.40 15  000 6 000 
2   RID.41 2  000 9 001000 
2   RID.42 8  00 2 000 
2   RID.43 15  000 8 00 
2   RID.44 5  1001 3 111 
2   RID.45 9  1100 6 001 
2   RID.46 2  110 13 01000 
2   RID.47 8  00 2 000 
2   RID.48 3  111 8 10 
2   RID.49 6  000 2 0000 
2   RID.50 8  00 6 0100 
2   RID.51 5  0000 18 0 
2   RID.52 9  00 2 0 
2   RID.53 17  0 2 000 
2   RID.54 9  01 2 111 
2   RID.55 6  000 2 000 
2   RID.56 8  00 10 0100000 
2   RID.57 9  001000 3 000 
2   RID.58 6  000 16 00 
2   RID.59 2  0000 9 0010 
2   RID.60 8  01 13 10001 
2   RID.61 9  00 6 000 
2   RID.62 14  0000 6 000 
2   RID.63 6  001 3 111 
1   RID.64 6 110 
1   RID.65 8 000 
2   RID.66 11  001111 2 111 
2   RID.67 2  000 7 000 
2   RID.68 19  111 6 101 
