Number of Haplotypes 24
1   RID.0 19  00 
2   RID.1 5  0 5 0 
2   RID.2 5  0 3 01 
2   RID.3 9  0 5 10 
2   RID.4 2  10 10 0 
2   RID.5 14  10 17 0 
2   RID.6 17  1 17 0 
2   RID.7 18  000 17 0 
1   RID.8 5  10 
2   RID.9 5  10 5 0 
2   RID.10 14  1011 19 11 
2   RID.11 18  00 16 00 
2   RID.12 6  00 6 00 
2   RID.13 14  01 18 10 
2   RID.14 17  0 19 00 
2   RID.15 5  0 4 0 
2   RID.16 5  1 8 0 
1   RID.17 14  10 
2   RID.18 1  110 8 0 
2   RID.19 6  00 3 01 
2   RID.20 21  11 17 1 
2   RID.21 14  0000 17 0 
2   RID.22 4  1 6 00 
1   RID.23 17  1 
2   RID.24 5  1 5 00 
2   RID.25 14  010 18 0 
2   RID.26 8  01 3 10 
2   RID.27 6  00 11 011 
2   RID.28 18  1 15 100 
2   RID.29 6  00 1 100 
2   RID.30 21  00 17 0 
2   RID.31 5  1 4 0 
2   RID.32 17  0 20 00 
1   RID.33 14 010 
2   RID.34 18  0 14 01 
2   RID.35 4  1 6 10 
2   RID.36 5  1 7 00 
2   RID.37 14  1111 19 10 
2   RID.38 5  0 6 00 
2   RID.39 2  00 8 00 
2   RID.40 7  00 5 0 
1   RID.41 14  0100 
2   RID.42 18  0 16 00 
2   RID.43 17  0 14 010 
2   RID.44 18  001 16 11 
2   RID.45 6  00 5 00 
2   RID.46 8  0 5 0 
1   RID.47 18  0 
2   RID.48 6  00 8 0 
2   RID.49 8  0 1 100 
2   RID.50 8  00 5 0 
2   RID.51 14  1011 18 10 
2   RID.52 5  10 6 00 
2   RID.53 6  00 3 01 
2   RID.54 14  00 18 0 
1   RID.55 6 00 
2   RID.56 14  1011 18 10 
2   RID.57 18  0 21 000 
2   RID.58 5  0 5 0 
2   RID.59 5  1 7 00 
2   RID.60 4  0 6 00 
2   RID.61 22  00 18 000 
2   RID.62 6  00 8 0 
2   RID.63 6  00 5 0 
2   RID.64 18  0 19 00 
1   RID.65 14 0100 
2   RID.66 9  0 4 00 
2   RID.67 14  0000 18 0 
2   RID.68 4  1 7 01 
2   RID.69 18  00 16 00 
2   RID.70 18  0 14 01 
2   RID.71 4  1 5 1 
1   RID.72 21  111 
2   RID.73 23  01 16 10 
2   RID.74 6  11 1 100 
2   RID.75 5  0 8 00 
2   RID.76 14  1011 18 1 
2   RID.77 19  00 14 010 
2   RID.78 4  0 5 0 
2   RID.79 5  0 2 00 
2   RID.80 3  00 5 01 
2   RID.81 16  00 17 0 
2   RID.82 5  0 4 0 
2   RID.83 4  0 5 0 
2   RID.84 3  00 6 01 
2   RID.85 6  00 3 01 
2   RID.86 18  0 14 11 
2   RID.87 14  01 18 10 
2   RID.88 5  0 4 0 
1   RID.89 17 0 
1   RID.90 18  11 
2   RID.91 4  0 5 1 
2   RID.92 6  01 2 10 
2   RID.93 1  1 5 0 
2   RID.94 18  0 14 01 
2   RID.95 17  0 14 100 
2   RID.96 7  01 4 1 
2   RID.97 6  11 5 1 
2   RID.98 6  00 5 00 
2   RID.99 7  10 6 0 
2   RID.100 5  1 2 01 
2   RID.101 4  0 6 10 
2   RID.102 19  00 17 0 
2   RID.103 18  0 17 0 
2   RID.104 16  00 18 00 
2   RID.105 17  1 16 01 
2   RID.106 14  0100 19 00 
2   RID.107 6  00 5 0 
2   RID.108 4  1 5 0 
1   RID.109 16  00 
2   RID.110 7  00 5 0 
2   RID.111 1  1 5 00 
2   RID.112 4  0 5 0 
2   RID.113 5  0 5 0 
2   RID.114 14  00 18 01 
2   RID.115 8  00 5 0 
1   RID.116 18  1 
2   RID.117 5  0 9 0 
2   RID.118 17  0 19 00 
2   RID.119 20  000 18 0 
2   RID.120 8  0 5 01 
2   RID.121 17  1 17 1 
2   RID.122 16  11 17 1 
2   RID.123 14  01 16 10 
2   RID.124 7  01 5 1 
2   RID.125 7  01 4 10 
2   RID.126 17  0 18 0 
2   RID.127 21  000 14 010 
2   RID.128 6  11 5 1 
2   RID.129 9  0 5 10 
1   RID.130 5  0 
2   RID.131 6  11 2 10 
2   RID.132 4  0 6 01 
2   RID.133 17  0 14 110 
2   RID.134 6  00 4 0 
1   RID.135 16 00 
2   RID.136 5  0 5 0 
1   RID.137 18  00 
2   RID.138 5  0 3 01 
2   RID.139 4  0 6 11 
1   RID.140 5  0 
2   RID.141 6  11 1 000 
2   RID.142 5  0 6 00 
1   RID.143 16 00 
2   RID.144 14  10 18 0 
2   RID.145 7  01 5 1 
2   RID.146 16  00 18 0 
2   RID.147 5  1 6 00 
2   RID.148 5  00 9 0 
2   RID.149 17  1 17 0 
2   RID.150 5  0 7 00 
2   RID.151 5  00 4 0 
2   RID.152 4  10 9 0 
2   RID.153 17  0 14 000 
2   RID.154 18  000 17 0 
2   RID.155 5  1 7 00 
2   RID.156 6  0 8 0 
2   RID.157 12  11 5 1 
2   RID.158 4  0 8 1 
2   RID.159 6  00 9 0 
2   RID.160 14  10 18 0 
1   RID.161 18 0 
2   RID.162 18  00 17 0 
1   RID.163 16 00 
2   RID.164 5  0 3 01 
2   RID.165 19  10 18 0 
2   RID.166 17  1 18 0 
2   RID.167 4  0 6 00 
2   RID.168 4  10 8 0 
2   RID.169 5  0 9 0 
2   RID.170 18  0 18 00 
2   RID.171 14  01 14 1100 
2   RID.172 19  00 14 010 
2   RID.173 8  10 8 00 
2   RID.174 17  0 16 00 
1   RID.175 16 00 
2   RID.176 6  00 5 0 
2   RID.177 8  00 3 00 
2   RID.178 5  10 5 0 
2   RID.179 6  00 5 0 
2   RID.180 6  00 8 0 
1   RID.181 17  0 
2   RID.182 5  0 5 0 
2   RID.183 6  11 5 1 
2   RID.184 7  01 5 10 
1   RID.185 19  00 
2   RID.186 6  00 5 0 
2   RID.187 5  10 5 0 
1   RID.188 18 0 
2   RID.189 5  0 6 0 
1   RID.190 17  0 
2   RID.191 5  00 9 0 
2   RID.192 1  100 8 0 
2   RID.193 6  00 5 00 
2   RID.194 5  00 9 0 
2   RID.195 5  0 8 00 
1   RID.196 10  111 
2   RID.197 24  1 17 1 
2   RID.198 17  0 19 10 
2   RID.199 6  00 5 0 
2   RID.200 5  1 5 0 
2   RID.201 5  00 9 0 
2   RID.202 6  0 9 0 
2   RID.203 4  10 7 01 
2   RID.204 5  1 6 10 
2   RID.205 6  00 1 100 
2   RID.206 4  0 5 01 
2   RID.207 5  01 5 11 
2   RID.208 6  00 4 0 
1   RID.209 5 0 
2   RID.210 5  00 6 00 
2   RID.211 17  0 14 010 
2   RID.212 1  100 8 0 
1   RID.213 14 0100 
2   RID.214 5  0 2 00 
2   RID.215 5  0 7 01 
2   RID.216 7  01 5 1 
2   RID.217 17  0 14 100 
1   RID.218 17  1 
1   RID.219 6 00 
2   RID.220 5  00 9 0 
2   RID.221 5  0 5 0 
2   RID.222 18  0 14 0100 
2   RID.223 7  01 4 1 
1   RID.224 18  0 
2   RID.225 5  0 4 1 
2   RID.226 5  00 6 00 
2   RID.227 14  010 18 0 
2   RID.228 18  0 18 0 
2   RID.229 4  1 6 00 
2   RID.230 18  0 18 0 
1   RID.231 19  10 
2   RID.232 6  00 4 00 
2   RID.233 8  10 5 0 
2   RID.234 18  0 14 0100 
2   RID.235 4  1 9 0 
2   RID.236 4  0 9 0 
2   RID.237 14  0100 14 01 
1   RID.238 10  0 
1   RID.239 17 1 
2   RID.240 4  1 5 1 
2   RID.241 18  0 14 11 
2   RID.242 17  0 18 1 
2   RID.243 3  00 6 01 
2   RID.244 18  0 17 1 
2   RID.245 16  00 17 0 
2   RID.246 18  00 16 00 
2   RID.247 17  1 16 01 
2   RID.248 15  100 16 00 
2   RID.249 5  0 6 01 
2   RID.250 7  01 8 10 
2   RID.251 20  11 14 1011 
2   RID.252 18  1 18 11 
2   RID.253 9  0 5 1 
2   RID.254 18  00 17 0 
1   RID.255 17  0 
2   RID.256 17  1 18 001 
2   RID.257 5  0 5 1 
2   RID.258 6  00 5 0 
2   RID.259 16  00 17 0 
2   RID.260 1  100 4 0 
2   RID.261 17  0 14 010 
1   RID.262 18  1 
2   RID.263 6  00 2 00 
2   RID.264 6  00 4 0 
2   RID.265 18  0 19 00 
2   RID.266 5  10 6 00 
2   RID.267 8  1 5 00 
2   RID.268 18  0 14 0011 
2   RID.269 4  1 7 11 
2   RID.270 17  0 18 1 
2   RID.271 6  11 6 11 
2   RID.272 16  00 17 0 
2   RID.273 5  1 6 00 
2   RID.274 8  0 3 00 
2   RID.275 4  0 6 00 
1   RID.276 14 0000 
