28
23
2   RID.0 7  0000001 16 1000000 
2   RID.1 14  010000 5 00 
2   RID.2 7  11100111 7 11000000 
1   RID.3 14  010000 
2   RID.4 10  000001 1 000 
2   RID.5 7  100000 15 010000 
2   RID.6 12  1011011 12 1101011 
2   RID.7 16  00000000 13 001000 
2   RID.8 12  000100 7 0000 
2   RID.9 16  00000000 13 001000 
2   RID.10 11  11011 9 1111011 
2   RID.11 12  000100 7 01000000 
2   RID.12 7  01 11 10001 
2   RID.13 7  0100000 14 010000 
2   RID.14 7  01000000 13 0010000 
2   RID.15 15  10000 9 0000001 
2   RID.16 11  0010100 2 01000 
2   RID.17 7  01000000 7 01100111 
2   RID.18 7  00000000 15 000001 
2   RID.19 13  0010000 7 01000000 
2   RID.20 7  0000 7 0101 
2   RID.21 4  001 14 110011 
2   RID.22 7  101 7 110 
2   RID.23 7  11100000 15 0100001 
2   RID.24 12  000100 11 00001 
2   RID.25 7  10000000 15 0100001 
2   RID.26 11  00001 16 10000000 
2   RID.27 7  01000000 11 0000100 
