307
38
2   RID.0 16  01 12 1011 
2   RID.1 31  000 31 0000 
2   RID.2 27  0000 32 000 
2   RID.3 30  00 32 000 
2   RID.4 9  11 4 10001 
1   RID.5 30  11 
2   RID.6 14  10 16 0 
2   RID.7 12  0110 15 0 
2   RID.8 15  0 16 0 
2   RID.9 30  11 26 10 
1   RID.10 26 0000 
1   RID.11 12 0011 
2   RID.12 26  000 26 000 
1   RID.13 5 0000 
2   RID.14 9  00 17 01 
2   RID.15 11  0 7 11 
2   RID.16 29  00 31 000 
1   RID.17 31 0001 
1   RID.18 9 100 
2   RID.19 11  0 1 11 
2   RID.20 29  00 28 000 
2   RID.21 26  011 31 1001 
2   RID.22 4  01000 9 000 
1   RID.23 26  00 
2   RID.24 16  00 16 0 
2   RID.25 4  00111 6 111 
2   RID.26 26  10 31 0110 
2   RID.27 9  111 16 1 
2   RID.28 16  0 12 101 
2   RID.29 17  01 15 1 
1   RID.30 4  0100 
2   RID.31 9  00 16 00 
2   RID.32 16  0 11 010 
2   RID.33 14  10 9 00 
2   RID.34 29  00 33 00 
1   RID.35 12  100 
2   RID.36 28  111 26 1 
2   RID.37 12  0110 16 0 
2   RID.38 12  10 15 0 
1   RID.39 28 000 
2   RID.40 4  00111 9 10 
2   RID.41 38  0 31 0000 
2   RID.42 29  00 26 0000 
2   RID.43 27  0000 31 0000 
2   RID.44 15  0 17 00 
2   RID.45 14  00 17 00 
2   RID.46 31  00 24 00 
2   RID.47 5  0001 4 10001 
1   RID.48 9  111 
2   RID.49 12  101 9 10 
2   RID.50 9  000 4 001 
2   RID.51 29  00 32 000 
2   RID.52 16  0 15 0 
2   RID.53 4  1000 12 0011 
2   RID.54 17  00 15 0 
2   RID.55 10  00 16 0 
2   RID.56 17  00 12 0000 
2   RID.57 31  0000 29 00 
2   RID.58 16  0 21 00 
2   RID.59 1  110 9 000 
2   RID.60 29  00 21 01 
2   RID.61 16  0 9 100 
2   RID.62 20  1 17 00 
2   RID.63 8  0 7 00 
2   RID.64 31  0000 29 00 
2   RID.65 19  01 14 11 
2   RID.66 32  000 26 00 
1   RID.67 31 0000 
2   RID.68 17  011 15 1 
2   RID.69 16  1 16 1 
2   RID.70 12  10 16 00 
1   RID.71 12 00 
2   RID.72 28  000 34 0 
2   RID.73 14  00 12 0000 
2   RID.74 15  0 17 001 
2   RID.75 9  0 9 10 
2   RID.76 17  01 14 10 
2   RID.77 4  0011 9 10 
1   RID.78 27  1100 
2   RID.79 31  11 31 10 
2   RID.80 32  001 29 10 
2   RID.81 17  001 15 1 
2   RID.82 29  00 33 00 
2   RID.83 35  00 31 0000 
1   RID.84 13  011 
2   RID.85 15  1 12 1011 
2   RID.86 16  1 9 10 
1   RID.87 31 00 
2   RID.88 4  0 11 0 
1   RID.89 9 011 
2   RID.90 29  00 31 00 
2   RID.91 22  0 26 0 
2   RID.92 12  10 16 00 
1   RID.93 6  001 
2   RID.94 31  0001 28 100 
2   RID.95 4  0011 8 1 
2   RID.96 29  00 31 00 
2   RID.97 12  0110 16 00 
2   RID.98 31  11 37 1 
2   RID.99 9  10 3 0 
2   RID.100 27  0000 32 000 
2   RID.101 14  11 15 1 
2   RID.102 16  0 16 1 
2   RID.103 7  00 13 000 
2   RID.104 9  10 4 0000 
1   RID.105 31  0000 
1   RID.106 16 0 
2   RID.107 9  111 14 11 
2   RID.108 28  000 31 0000 
2   RID.109 31  0001 31 1001 
1   RID.110 9  10 
2   RID.111 9  00 4 01000 
2   RID.112 12  0011 15 1 
1   RID.113 9  00 
2   RID.114 4  10001 9 10 
2   RID.115 8  1 11 0 
2   RID.116 12  0110 16 0 
2   RID.117 26  000 31 0000 
2   RID.118 31  00 28 000 
2   RID.119 12  0011 16 1 
2   RID.120 31  0000 31 00 
1   RID.121 29  00 
1   RID.122 5  1000 
1   RID.123 12 000 
2   RID.124 26  011 33 11 
1   RID.125 31 11 
2   RID.126 12  0110 14 00 
2   RID.127 15  0 17 00 
1   RID.128 29 00 
1   RID.129 26 0001 
2   RID.130 1  110 7 01 
2   RID.131 17  00 12 0000 
2   RID.132 17  00 12 0000 
2   RID.133 29  00 35 00 
2   RID.134 17  01 15 1 
2   RID.135 30  1 30 111 
2   RID.136 29  00 26 01 
2   RID.137 24  100 31 00 
2   RID.138 17  00 12 0000 
2   RID.139 16  0 14 00 
2   RID.140 12  100 17 001 
2   RID.141 37  1 31 1000 
2   RID.142 12  1000 16 00 
1   RID.143 19 0 
2   RID.144 17  100 14 01 
1   RID.145 4  00111 
2   RID.146 1  100 9 000 
2   RID.147 20  00 12 000 
2   RID.148 12  011 15 1 
2   RID.149 31  1110 31 011 
2   RID.150 26  00 23 000 
2   RID.151 14  10 16 0 
2   RID.152 35  00 31 0000 
2   RID.153 12  001 8 1 
1   RID.154 17 11 
2   RID.155 8  0 11 110 
2   RID.156 24  100 31 00 
2   RID.157 14  10 17 01 
2   RID.158 30  000 31 00 
2   RID.159 12  0110 17 011 
2   RID.160 8  0 7 10 
2   RID.161 8  1 4 00001 
2   RID.162 16  0 15 1 
2   RID.163 31  0001 33 11 
2   RID.164 31  1110 29 00 
2   RID.165 34  0 31 011 
2   RID.166 16  1 14 10 
2   RID.167 4  00111 14 10 
2   RID.168 29  00 32 000 
2   RID.169 31  00 30 00 
2   RID.170 28  011 34 1 
2   RID.171 28  000 34 0 
2   RID.172 29  00 31 0001 
2   RID.173 32  110 29 01 
2   RID.174 26  1 22 1 
2   RID.175 9  100 8 0 
2   RID.176 17  100 12 010 
2   RID.177 26  00 35 00 
2   RID.178 30  11 29 11 
1   RID.179 26 10 
2   RID.180 26  0 31 000 
2   RID.181 31  0000 32 000 
2   RID.182 33  00 30 00 
1   RID.183 26 00 
2   RID.184 12  1000 17 00 
2   RID.185 29  00 29 00 
1   RID.186 30 00 
2   RID.187 31  0000 27 0000 
1   RID.188 9  000 
1   RID.189 28 011 
1   RID.190 26  00 
1   RID.191 4 01000 
2   RID.192 30  0 34 0 
2   RID.193 32  110 28 011 
2   RID.194 14  11 12 101 
2   RID.195 26  0110 31 0001 
2   RID.196 9  11 12 1011 
2   RID.197 11  010 20 00 
1   RID.198 12 0000 
2   RID.199 15  1 17 00 
2   RID.200 17  011 12 1110 
2   RID.201 31  0000 27 0000 
2   RID.202 26  011 30 10 
1   RID.203 16  0 
2   RID.204 9  000 15 0 
2   RID.205 16  0 16 0 
1   RID.206 23 000 
2   RID.207 29  00 21 01 
2   RID.208 32  000 27 0000 
2   RID.209 31  000 35 00 
2   RID.210 14  00 17 00 
2   RID.211 4  1000 5 0001 
2   RID.212 28  000 27 000 
2   RID.213 15  0 16 0 
2   RID.214 30  000 31 0000 
1   RID.215 16 0 
2   RID.216 20  11 12 101 
2   RID.217 26  000 33 00 
2   RID.218 30  1 23 010 
2   RID.219 28  000 32 000 
1   RID.220 22  0 
2   RID.221 17  00 12 0011 
1   RID.222 26 1110 
1   RID.223 31 01 
2   RID.224 8  1 9 100 
1   RID.225 12 0110 
2   RID.226 15  1 12 0011 
2   RID.227 31  000 26 0 
1   RID.228 26 00 
2   RID.229 16  00 12 0011 
2   RID.230 15  0 11 110 
2   RID.231 9  000 4 00111 
2   RID.232 29  00 26 01 
1   RID.233 30  000 
2   RID.234 30  11 28 111 
2   RID.235 30  11 31 1110 
2   RID.236 16  0 21 00 
1   RID.237 19  01 
2   RID.238 12  1010 15 0 
2   RID.239 12  001 16 1 
1   RID.240 12 1000 
2   RID.241 14  11 14 10 
1   RID.242 11  1 
1   RID.243 30 0 
2   RID.244 29  00 31 0001 
2   RID.245 17  01 15 1 
2   RID.246 1  111 8 1 
1   RID.247 14  00 
1   RID.248 7 01 
2   RID.249 34  0 30 1 
2   RID.250 31  101 31 101 
2   RID.251 7  11 4 1011 
2   RID.252 4  00111 6 111 
2   RID.253 26  00 32 000 
2   RID.254 16  0 9 00 
1   RID.255 4 010 
2   RID.256 14  00 12 0000 
2   RID.257 26  00 31 0000 
2   RID.258 31  00 31 0000 
2   RID.259 24  100 21 01 
2   RID.260 4  0011 9 10 
2   RID.261 26  00 30 0 
2   RID.262 29  00 29 00 
2   RID.263 4  00111 14 10 
2   RID.264 4  0000 8 0 
2   RID.265 29  00 32 000 
2   RID.266 9  111 16 1 
2   RID.267 35  01 29 10 
1   RID.268 29  00 
2   RID.269 9  10 8 0 
1   RID.270 27  0000 
2   RID.271 16  1 9 000 
2   RID.272 14  11 20 1 
2   RID.273 17  10 15 0 
2   RID.274 4  01000 12 00 
2   RID.275 30  11 31 1110 
2   RID.276 8  1 8 0 
1   RID.277 4  0100 
2   RID.278 16  0 12 0000 
2   RID.279 31  00 30 0 
1   RID.280 30 000 
2   RID.281 9  00 8 0 
2   RID.282 30  00 31 0000 
1   RID.283 15 0 
2   RID.284 4  00001 15 1 
2   RID.285 31  0000 30 00 
2   RID.286 17  01 15 1 
1   RID.287 27  0011 
2   RID.288 16  0 16 1 
2   RID.289 28  000 29 00 
2   RID.290 30  00 35 00 
2   RID.291 15  1 12 0010 
2   RID.292 16  0 12 0011 
1   RID.293 31 1110 
2   RID.294 28  011 29 11 
2   RID.295 8  1 9 100 
2   RID.296 9  000 4 0 
2   RID.297 31  00 31 0000 
1   RID.298 27 0000 
2   RID.299 12  0110 9 000 
2   RID.300 30  11 26 10 
2   RID.301 28  010 38 0 
1   RID.302 12 0011 
1   RID.303 31  0001 
2   RID.304 21  11 30 100 
2   RID.305 32  000 27 0000 
2   RID.306 9  000 4 01000 
