Number of Haplotypes 26
2   RID.0 18  011 10 110100 
2   RID.1 18  011 13 10010 
2   RID.2 1  101101 21 11 
2   RID.3 4  101 19 111 
2   RID.4 4  101 13 10010 
2   RID.5 10  010100 14 00100 
2   RID.6 10  1111 13 10101 
2   RID.7 14  00100 7 0011 
2   RID.8 18  001 11 1110101 
2   RID.9 7  1011 9 11111 
2   RID.10 9  11101 10 1101 
2   RID.11 1  101101 11 1011000 
2   RID.12 10  0101 19 111 
2   RID.13 7  011111 19 111 
2   RID.14 18  011 7 101 
2   RID.15 7  000 14 00000 
2   RID.16 10  0000000 9 00000 
2   RID.17 18  1011 7 101 
2   RID.18 7  0011 18 111 
2   RID.19 14  10001 13 11000 
2   RID.20 7  10111 10 11011000 
2   RID.21 21  01 4 101 
2   RID.22 22  1101 10 1101 
2   RID.23 10  0000 6 0000 
2   RID.24 1  101101 10 110110 
2   RID.25 1  100000 18 000 
2   RID.26 10  0101 14 10100 
2   RID.27 10  1101100 22 01011 
2   RID.28 10  1101 7 1011 
2   RID.29 7  000 12 000000 
2   RID.30 18  001 11 1110101 
2   RID.31 10  0000 6 0000 
2   RID.32 1  100000 10 000000 
2   RID.33 12  010010 7 0011 
2   RID.34 22  101 10 11011000 
2   RID.35 1  110000 14 00000 
2   RID.36 9  11011 5 11 
2   RID.37 10  00000000 18 000 
2   RID.38 18  101 11 1011000 
2   RID.39 13  10101 10 11110101 
2   RID.40 7  101 13 11000 
2   RID.41 11  1011000 7 0011 
2   RID.42 9  00000 10 0000 
2   RID.43 6  000 18 000 
2   RID.44 1  001101 13 11000 
2   RID.45 10  0000 19 000 
2   RID.46 13  00000 11 0000000 
2   RID.47 10  1101 10 1101 
2   RID.48 18  000 7 0000 
2   RID.49 19  000 7 0000 
2   RID.50 19  111 7 1011 
2   RID.51 18  0010 11 0110101 
2   RID.52 18  000 1 100000 
2   RID.53 10  000000 12 000000 
2   RID.54 7  0011 12 110010 
2   RID.55 11  0000000 13 00000 
2   RID.56 14  10001 13 11000 
2   RID.57 18  011 7 10111 
2   RID.58 9  10101 10 11010010 
2   RID.59 14  00000 7 000000 
2   RID.60 10  011101 7 1111 
2   RID.61 3  0000 10 00000000 
2   RID.62 10  1101 22 1101 
2   RID.63 11  1011000 7 0011 
2   RID.64 18  00 7 000 
2   RID.65 22  11111 10 11110101 
2   RID.66 11  1110101 9 11011 
2   RID.67 18  000 10 0000 
2   RID.68 10  1001111 1 01101 
2   RID.69 1  101101 11 1011000 
2   RID.70 18  0000 1 100000 
2   RID.71 14  00000 7 0000 
2   RID.72 10  00000000 22 0000 
2   RID.73 7  000000 12 000000 
2   RID.74 11  1110101 18 101 
2   RID.75 11  1110101 19 110 
2   RID.76 1  100000 14 00000 
2   RID.77 14  00000 7 000 
2   RID.78 14  00000 1 11101 
2   RID.79 11  0000000 3 0000 
2   RID.80 18  011 9 11101 
2   RID.81 7  011101 11 1110101 
2   RID.82 12  010010 10 01010010 
2   RID.83 14  01010 7 011101 
2   RID.84 14  10001 11 1011000 
2   RID.85 11  1011000 18 001 
2   RID.86 1  100000 19 000 
2   RID.87 22  11111 23 1111 
2   RID.88 13  10010 18 011 
2   RID.89 10  110110 13 01000 
2   RID.90 18  101 5 11 
2   RID.91 11  1010010 17 001 
2   RID.92 7  00000 10 00000000 
2   RID.93 11  1011000 19 011 
2   RID.94 1  100000 11 0000000 
2   RID.95 1  101101 18 10 
2   RID.96 7  000 19 000 
2   RID.97 1  100000 9 00000 
2   RID.98 7  000 14 00000 
2   RID.99 22  000 10 0000000 
2   RID.100 25  11 7 1011 
2   RID.101 9  11101 18 111 
2   RID.102 7  1011 18 101 
2   RID.103 6  1001 11 1010010 
2   RID.104 9  11011 22 1101 
2   RID.105 18  00 7 000 
2   RID.106 7  000 21 00 
2   RID.107 14  01010 11 0110101 
