Number of Haplotypes 21
2   RID.0 11  000 11 0 
2   RID.1 11  0 1 100 
2   RID.2 10  0 11 0 
2   RID.3 2  000000 11 0 
2   RID.4 8  000 11 00 
2   RID.5 10  0 1 1 
2   RID.6 6  00000 12 000 
2   RID.7 11  0 12 0000 
1   RID.8 9  00 
2   RID.9 11  111 8 111 
2   RID.10 14  01 9 11 
2   RID.11 5  000000 11 0 
2   RID.12 1  1000 11 0 
2   RID.13 11  1 5 001111 
2   RID.14 11  101 11 100 
2   RID.15 8  111 1 01111 
2   RID.16 4  0000000 11 0 
2   RID.17 1  000 12 00 
2   RID.18 10  0 1 0 
2   RID.19 5  010000 13 010 
2   RID.20 11  0 4 000000 
2   RID.21 9  00 15 001 
2   RID.22 4  00100 15 00100 
2   RID.23 11  0 9 00 
2   RID.24 12  000 11 0 
2   RID.25 12  000 9 00 
2   RID.26 6  00000 11 0 
2   RID.27 11  1 11 0 
2   RID.28 10  0 1 0 
2   RID.29 11  0 5 010000 
2   RID.30 9  11 11 111 
2   RID.31 11  0 3 100000 
2   RID.32 18  1111 2 111101 
1   RID.33 1 1111 
2   RID.34 2  0000000 11 0 
2   RID.35 4  000000 11 0 
2   RID.36 11  0 1 1 
2   RID.37 12  110 4 010111 
2   RID.38 2  000000 11 0 
2   RID.39 4  0000000 11 000 
2   RID.40 9  00 12 000 
2   RID.41 10  1 11 0 
2   RID.42 15  001 8 100 
2   RID.43 8  000 11 0 
2   RID.44 2  0000000 11 0 
2   RID.45 6  01111 11 1 
2   RID.46 11  1 11 1 
2   RID.47 11  1 5 101111 
2   RID.48 11  0 12 100 
1   RID.49 11  0 
1   RID.50 11 0 
2   RID.51 1  1000 11 0 
2   RID.52 5  101111 8 111 
2   RID.53 20  00 11 0 
2   RID.54 11  0 1 1 
2   RID.55 10  0 9 00 
2   RID.56 11  1 8 011 
2   RID.57 15  001 9 10 
2   RID.58 21  0 9 00 
2   RID.59 11  0 2 000010 
2   RID.60 4  000000 10 0 
2   RID.61 9  00 12 00 
2   RID.62 16  01000 11 0 
2   RID.63 12  000 2 000000 
2   RID.64 1  100 11 000 
2   RID.65 8  000 5 010000 
2   RID.66 9  00 1 1000 
2   RID.67 5  000000 14 0000 
2   RID.68 11  0 11 0 
2   RID.69 10  0 11 0 
2   RID.70 11  1 11 0 
2   RID.71 11  0 2 00001 
1   RID.72 10 1 
2   RID.73 1  10000 13 010 
2   RID.74 1  0111 11 1 
2   RID.75 9  00 21 0 
2   RID.76 12  000 11 0 
2   RID.77 11  0 11 0 
2   RID.78 12  001 5 110000 
1   RID.79 11 0 
2   RID.80 11  000 11 0 
2   RID.81 11  000 2 000010 
2   RID.82 9  00 12 000 
2   RID.83 11  0 12 000 
2   RID.84 11  1 11 0 
2   RID.85 1  0000 11 0 
2   RID.86 12  110 8 011 
2   RID.87 8  000 1 10000 
2   RID.88 11  1 11 0 
2   RID.89 10  1 11 0 
2   RID.90 11  0 1 0 
2   RID.91 5  010000 10 0 
2   RID.92 14  011 11 1 
2   RID.93 1  1000 11 0 
2   RID.94 18  1111 6 11111 
2   RID.95 11  0 11 100 
2   RID.96 9  00 1 100 
2   RID.97 4  0000000 15 00000 
2   RID.98 1  100 11 0 
2   RID.99 10  0 6 00000 
2   RID.100 9  00 6 00000 
1   RID.101 11  00 
2   RID.102 10  0 6 00000 
2   RID.103 12  000 11 0 
2   RID.104 12  000 2 0000 
1   RID.105 1  100 
2   RID.106 11  0 12 000 
2   RID.107 12  11 11 1 
2   RID.108 10  0 11 1 
2   RID.109 12  00 11 0 
2   RID.110 12  11 11 1 
2   RID.111 5  000000 11 0 
1   RID.112 11 0 
2   RID.113 12  00 9 00 
2   RID.114 12  000 9 00 
2   RID.115 11  1 14 01 
2   RID.116 11  1 12 11 
1   RID.117 11 1 
2   RID.118 1  11111 11 1 
2   RID.119 15  000000 5 000000 
2   RID.120 11  0 9 00 
2   RID.121 10  1 4 0101111 
2   RID.122 8  000 2 0000000 
2   RID.123 11  1 12 010 
2   RID.124 1  100 11 0 
2   RID.125 11  0 10 0 
2   RID.126 11  00 2 0000100 
2   RID.127 14  01 8 111 
1   RID.128 11 1 
2   RID.129 2  000010 11 0 
2   RID.130 11  0 11 0 
1   RID.131 10  0 
2   RID.132 5  000000 11 0 
2   RID.133 11  1 6 01111 
