190
21
1   RID.0 7  00000 
2   RID.1 4  010 2 01010 
2   RID.2 5  01 8 10000 
1   RID.3 4 010 
2   RID.4 7  010 2 011 
2   RID.5 2  111 2 11 
1   RID.6 7 100 
2   RID.7 2  11110 7 010 
1   RID.8 7 0000 
2   RID.9 14  100000 13 0 
1   RID.10 13  0 
1   RID.11 2  11110 
2   RID.12 13  0 13 0 
1   RID.13 13 0 
1   RID.14 2  01010 
1   RID.15 2 00101 
1   RID.16 13 1 
1   RID.17 13  0 
1   RID.18 13  0 
2   RID.19 5  10 2 01010 
2   RID.20 13  1 9 0010 
1   RID.21 2  0101 
2   RID.22 11  00 13 0 
1   RID.23 6 010 
1   RID.24 4  101 
2   RID.25 13  0 14 100 
2   RID.26 8  00000 2 00101 
2   RID.27 13  1 13 1 
1   RID.28 13  0 
1   RID.29 13 1 
2   RID.30 13  0 14 100000 
1   RID.31 9 0100 
1   RID.32 13  0 
2   RID.33 7  010 2 01110 
2   RID.34 7  010100 4 001 
1   RID.35 7 100 
1   RID.36 13  1 
1   RID.37 3  1010 
1   RID.38 2  000 
2   RID.39 4  101 7 1000 
2   RID.40 7  000 4 010 
1   RID.41 3 0001 
1   RID.42 2 1111 
1   RID.43 14 10101 
2   RID.44 2  0 2 10001 
1   RID.45 13 1 
1   RID.46 20  11 
1   RID.47 7  1000 
2   RID.48 7  010 5 01 
1   RID.49 13  1 
1   RID.50 14  11011 
1   RID.51 5 100 
2   RID.52 7  010 13 0 
2   RID.53 13  1 13 0 
2   RID.54 2  01010 7 000001 
2   RID.55 14  001011 13 1 
1   RID.56 13  0 
2   RID.57 13  0 13 1 
1   RID.58 7 100 
1   RID.59 2 00001 
2   RID.60 7  100 3 0101 
2   RID.61 5  100 7 000 
1   RID.62 4 010 
2   RID.63 2  00001 2 100 
1   RID.64 13  0 
2   RID.65 13  0 20 00 
2   RID.66 10  010 2 0 
1   RID.67 9  0100 
1   RID.68 2  0101 
2   RID.69 13  0 13 1 
1   RID.70 13  0 
1   RID.71 5  100 
2   RID.72 2  01010 2 0 
2   RID.73 2  00 3 0101 
1   RID.74 2 100 
1   RID.75 13 0 
2   RID.76 13  0 14 010111 
2   RID.77 4  010 2 0101 
2   RID.78 3  1010 2 01 
2   RID.79 2  111 7 110100 
1   RID.80 2 000 
2   RID.81 13  0 14 000000 
1   RID.82 13 0 
2   RID.83 5  100 8 00001 
2   RID.84 6  010 13 0 
2   RID.85 2  01010 2 010 
2   RID.86 4  001 2 1 
2   RID.87 2  00101 7 100000 
1   RID.88 13  0 
2   RID.89 13  0 14 000 
1   RID.90 13 0 
1   RID.91 13 0 
2   RID.92 4  010 4 010 
1   RID.93 13 0 
2   RID.94 9  0100 2 011 
1   RID.95 13  0 
2   RID.96 9  1010 13 0 
2   RID.97 2  00 7 000 
1   RID.98 5  01 
2   RID.99 2  01010 2 0 
1   RID.100 1 1 
2   RID.101 13  0 13 0 
1   RID.102 13 0 
1   RID.103 13  1 
2   RID.104 14  11011 13 1 
2   RID.105 2  01010 5 00 
2   RID.106 7  000001 13 1 
2   RID.107 13  1 13 1 
1   RID.108 13  1 
2   RID.109 13  0 13 1 
1   RID.110 13  0 
1   RID.111 6 110 
2   RID.112 2  111 8 10100 
1   RID.113 14 00101 
1   RID.114 2  0010 
1   RID.115 10  100 
1   RID.116 3 0010 
2   RID.117 10  001 3 1010 
2   RID.118 4  101 4 101 
2   RID.119 2  001 4 101 
1   RID.120 13  0 
1   RID.121 14 110111 
1   RID.122 13  0 
2   RID.123 13  0 14 110111 
1   RID.124 13 1 
1   RID.125 2 11010 
1   RID.126 14 000000 
1   RID.127 13  1 
1   RID.128 4 001 
1   RID.129 7  100000 
1   RID.130 13 0 
1   RID.131 2  0 
1   RID.132 13  1 
2   RID.133 10  100 3 0011 
1   RID.134 4 101 
1   RID.135 13 1 
1   RID.136 3 1101 
2   RID.137 13  0 13 1 
2   RID.138 2  001 10 100 
1   RID.139 13 0 
1   RID.140 13  1 
1   RID.141 13 0 
2   RID.142 5  010 7 0101 
1   RID.143 2  000 
1   RID.144 4 001 
2   RID.145 13  1 14 111011 
2   RID.146 2  01010 9 0100 
2   RID.147 3  0101 2 1 
1   RID.148 13 1 
2   RID.149 13  1 13 1 
1   RID.150 13 1 
2   RID.151 4  101 8 10000 
1   RID.152 13  1 
1   RID.153 13 0 
2   RID.154 9  0000 2 00101 
1   RID.155 2  0010 
2   RID.156 2  01010 2 010 
1   RID.157 13  0 
2   RID.158 13  1 14 01101 
2   RID.159 2  001 10 100 
1   RID.160 7 010 
1   RID.161 8  00001 
2   RID.162 2  0 6 110 
1   RID.163 2 01010 
1   RID.164 13  0 
2   RID.165 4  010 2 01010 
2   RID.166 13  1 14 01101 
2   RID.167 13  0 13 1 
2   RID.168 7  010 2 011 
1   RID.169 13 1 
2   RID.170 2  0 2 10001 
2   RID.171 13  1 17 1111 
2   RID.172 2  1 4 101 
2   RID.173 2  111 6 101 
1   RID.174 13 1 
1   RID.175 13  1 
2   RID.176 8  00001 2 1 
2   RID.177 7  100 3 0101 
2   RID.178 10  000 2 00101 
2   RID.179 13  0 20 10 
1   RID.180 7 000 
1   RID.181 7 010100 
1   RID.182 6  101 
1   RID.183 13 1 
2   RID.184 6  101 7 110 
1   RID.185 2  000 
2   RID.186 4  001 7 1101 
2   RID.187 1  1 4 101 
1   RID.188 2  000 
2   RID.189 7  010 4 001 
