Number of Haplotypes 22
2   RID.0 19  0 12 11 
2   RID.1 13  000010 13 000010 
2   RID.2 13  000000 13 000000 
2   RID.3 10  011 13 10000 
2   RID.4 17  00 16 000 
2   RID.5 10  001 14 10010 
2   RID.6 10  011 16 100 
2   RID.7 13  00001 2 1 
2   RID.8 13  000 13 000010 
1   RID.9 13 000 
2   RID.10 13  000000 9 0111 
2   RID.11 10  101 19 10 
2   RID.12 13  000 21 0 
2   RID.13 10  001 13 1000 
2   RID.14 19  0 16 000 
2   RID.15 18  0 9 011 
2   RID.16 18  0 13 100010 
2   RID.17 13  100000 12 01 
1   RID.18 9 1 
2   RID.19 10  011 19 11 
2   RID.20 22  1 19 11 
2   RID.21 13  1000 2 00100 
2   RID.22 13  100000 12 01 
2   RID.23 19  0 10 101 
1   RID.24 13  100000 
2   RID.25 15  0010 13 000011 
2   RID.26 12  01 19 1 
1   RID.27 7  000 
2   RID.28 13  100 10 010 
2   RID.29 18  0 13 000000 
2   RID.30 13  0000 13 000010 
2   RID.31 10  011 13 100000 
2   RID.32 11  11 16 101 
2   RID.33 10  101 13 100111 
2   RID.34 13  000 13 000000 
2   RID.35 9  011 18 1 
2   RID.36 13  10000 19 00 
2   RID.37 13  00000 21 0 
2   RID.38 19  01 12 10 
2   RID.39 13  000000 10 011 
2   RID.40 16  000 2 00 
2   RID.41 11  01 13 100 
2   RID.42 13  000000 21 0 
2   RID.43 17  01 13 1101 
2   RID.44 7  000 13 000 
2   RID.45 13  000000 1 1 
2   RID.46 21  1 14 00000 
2   RID.47 13  100000 8 01 
2   RID.48 13  0000 13 00001 
1   RID.49 10 101 
2   RID.50 10  011 14 11101 
2   RID.51 16  000 12 0 
2   RID.52 12  11 16 101 
2   RID.53 13  000000 17 00 
2   RID.54 10  011 13 100000 
2   RID.55 19  0 9 0111 
2   RID.56 10  001 15 1010 
2   RID.57 8  00 13 000000 
2   RID.58 13  00001 19 10 
2   RID.59 16  101 4 11011 
2   RID.60 4  10000 13 0000 
2   RID.61 13  0000 4 00000 
2   RID.62 19  00 13 00 
2   RID.63 2  00 18 0 
2   RID.64 21  1 9 0111 
2   RID.65 13  000010 18 0 
2   RID.66 13  0000 10 011 
2   RID.67 10  101 13 1000 
2   RID.68 13  10000 12 01 
2   RID.69 19  01 22 1 
1   RID.70 12 10 
2   RID.71 19  0 12 000 
2   RID.72 13  000000 18 0 
2   RID.73 5  0000 13 000000 
1   RID.74 9  011 
2   RID.75 13  100000 16 000 
2   RID.76 2  01 16 101 
2   RID.77 12  1 13 100010 
2   RID.78 10  001 19 10 
2   RID.79 12  01 17 11 
2   RID.80 13  100000 10 001 
2   RID.81 19  1 13 100111 
2   RID.82 11  01 13 100010 
2   RID.83 12  00 17 00 
2   RID.84 13  100 5 0000 
2   RID.85 4  00100 13 0000 
2   RID.86 9  0111 21 1 
2   RID.87 17  00 9 011 
2   RID.88 9  011 18 1 
2   RID.89 13  0000 19 0 
2   RID.90 16  010 7 000 
2   RID.91 18  0 13 000010 
2   RID.92 17  00 13 000000 
2   RID.93 9  011 19 1 
2   RID.94 13  000 8 00 
2   RID.95 4  00000 17 00 
2   RID.96 13  100000 13 000000 
1   RID.97 7 000 
2   RID.98 18  0 13 000010 
1   RID.99 11 01 
2   RID.100 9  111 13 1000 
2   RID.101 3  01000 17 00 
1   RID.102 13 000000 
2   RID.103 19  0 13 0000 
2   RID.104 12  10 21 0 
2   RID.105 18  0 10 001 
2   RID.106 14  11101 8 10 
2   RID.107 15  0010 13 000010 
2   RID.108 13  10000 3 0100 
2   RID.109 13  000000 21 0 
2   RID.110 10  001 13 100010 
2   RID.111 11  11 13 111111 
2   RID.112 13  000010 18 0 
2   RID.113 3  11000 13 000 
2   RID.114 13  000000 2 00 
2   RID.115 10  011 19 11 
2   RID.116 15  0010 10 001 
2   RID.117 13  000000 13 000111 
2   RID.118 13  0101 18 1 
2   RID.119 18  0 9 111 
1   RID.120 12  1 
2   RID.121 18  0 13 100010 
2   RID.122 13  0000 13 000010 
2   RID.123 13  000010 19 00 
1   RID.124 10  011 
2   RID.125 13  000000 19 0 
2   RID.126 8  00 13 000000 
2   RID.127 13  000010 10 001 
2   RID.128 16  010 3 00000 
2   RID.129 13  1000 9 011 
2   RID.130 10  111 13 1000 
1   RID.131 10  011 
1   RID.132 10  011 
2   RID.133 3  0001 14 10000 
2   RID.134 8  00 16 000 
1   RID.135 13  000000 
2   RID.136 10  011 13 100000 
2   RID.137 15  0010 9 011 
2   RID.138 13  000010 9 011 
2   RID.139 10  011 13 1000 
2   RID.140 13  000000 13 0000 
1   RID.141 7 010 
2   RID.142 8  00 13 000 
2   RID.143 10  101 19 10 
