252
23
2   RID.0 8  000 14 0 
1   RID.1 19 01 
1   RID.2 18 11 
2   RID.3 17  000 21 0 
2   RID.4 11  0 12 0 
1   RID.5 20  10 
1   RID.6 21  0 
2   RID.7 1  10 3 000 
1   RID.8 17 001 
2   RID.9 12  01 11 1 
2   RID.10 9  00 11 0 
1   RID.11 12 00 
2   RID.12 3  100 11 0 
2   RID.13 13  01 11 1 
2   RID.14 11  0 8 111 
2   RID.15 11  0 11 1 
1   RID.16 14  0 
1   RID.17 11  11 
1   RID.18 20  10 
2   RID.19 11  1 12 00 
2   RID.20 11  0 14 0 
1   RID.21 20 00 
2   RID.22 11  0 15 00 
2   RID.23 11  00 7 000 
2   RID.24 11  0 15 00 
2   RID.25 10  1 11 0 
2   RID.26 11  0 11 0 
2   RID.27 11  00 6 01 
2   RID.28 21  0 22 1 
1   RID.29 12  10 
2   RID.30 10  0 12 0 
2   RID.31 11  1 10 0 
2   RID.32 18  00 22 0 
2   RID.33 11  0 15 01 
2   RID.34 11  1 11 1 
2   RID.35 11  0 12 11 
2   RID.36 11  0 8 100 
1   RID.37 12  10 
2   RID.38 11  0 11 0 
1   RID.39 4  011 
2   RID.40 11  0 7 1000 
2   RID.41 14  1 11 0 
2   RID.42 22  0 19 00 
1   RID.43 11 0 
2   RID.44 11  00 10 0 
2   RID.45 15  10 11 0 
1   RID.46 17 000 
2   RID.47 21  1 20 0 
1   RID.48 12 00 
2   RID.49 21  0 19 00 
2   RID.50 11  1 12 00 
2   RID.51 11  0 11 00 
1   RID.52 12  01 
1   RID.53 22  1 
1   RID.54 20 10 
2   RID.55 11  0 6 0000 
2   RID.56 12  001 11 1 
1   RID.57 13 11 
2   RID.58 11  0 11 1 
1   RID.59 8  000 
2   RID.60 12  10 7 0100 
2   RID.61 11  0 7 0000 
2   RID.62 6  10 11 0 
1   RID.63 11 00 
1   RID.64 18  00 
2   RID.65 6  01 14 1 
2   RID.66 8  110 8 000 
2   RID.67 11  0 7 0000 
2   RID.68 11  00 7 000 
2   RID.69 12  00 9 00 
1   RID.70 22 0 
2   RID.71 11  0 9 00 
2   RID.72 22  0 21 0 
1   RID.73 4  101 
2   RID.74 11  00 14 0 
2   RID.75 10  0 11 0 
2   RID.76 8  100 11 0 
1   RID.77 12 00 
2   RID.78 11  00 12 00 
2   RID.79 11  0 11 0 
2   RID.80 18  00 21 0 
2   RID.81 4  011 12 11 
2   RID.82 11  1 11 11 
1   RID.83 22  0 
2   RID.84 12  00 10 0 
1   RID.85 11  1 
2   RID.86 11  0 11 0 
2   RID.87 20  00 21 0 
1   RID.88 20 00 
2   RID.89 22  0 17 000 
2   RID.90 11  1 11 01 
1   RID.91 11  00 
2   RID.92 21  1 23 0 
1   RID.93 22  1 
1   RID.94 20  11 
2   RID.95 21  0 20 10 
2   RID.96 11  0 12 001 
1   RID.97 22 1 
2   RID.98 11  0 11 1 
1   RID.99 21  0 
2   RID.100 6  101 14 1 
2   RID.101 11  0 15 10 
2   RID.102 22  0 21 0 
1   RID.103 4  101 
2   RID.104 9  00 11 0 
2   RID.105 11  0 12 01 
2   RID.106 21  1 17 1 
2   RID.107 11  0 11 1 
1   RID.108 17  000 
1   RID.109 7 0000 
2   RID.110 8  011 11 1 
1   RID.111 22 1 
2   RID.112 11  0 12 10 
2   RID.113 9  00 11 0 
1   RID.114 17  000 
2   RID.115 11  1 7 0100 
2   RID.116 21  1 20 01 
2   RID.117 11  0 8 100 
2   RID.118 12  01 6 10 
1   RID.119 22  1 
1   RID.120 12 00 
2   RID.121 11  1 11 01 
2   RID.122 12  10 11 0 
2   RID.123 11  0 14 0 
1   RID.124 17 000 
2   RID.125 12  01 10 1 
2   RID.126 14  1 11 1 
1   RID.127 20 11 
2   RID.128 11  0 11 1 
2   RID.129 21  0 20 10 
1   RID.130 20  10 
2   RID.131 7  1011 15 10 
1   RID.132 22  1 
1   RID.133 22  0 
1   RID.134 11  0 
1   RID.135 11  1 
1   RID.136 20  1 
2   RID.137 12  00 10 0 
2   RID.138 8  100 11 0 
2   RID.139 8  000 11 0 
2   RID.140 12  00 11 0 
1   RID.141 3  000 
1   RID.142 22 0 
2   RID.143 12  01 11 1 
1   RID.144 12 10 
1   RID.145 21  0 
2   RID.146 9  11 11 1 
2   RID.147 12  00 11 0 
2   RID.148 8  000 12 00 
1   RID.149 11  0 
1   RID.150 19  10 
2   RID.151 9  00 11 00 
2   RID.152 10  0 1 01 
2   RID.153 11  0 10 1 
2   RID.154 3  110 11 0 
1   RID.155 15 00 
2   RID.156 14  1 10 0 
1   RID.157 22  0 
1   RID.158 11 0 
2   RID.159 11  1 6 0000 
2   RID.160 9  11 11 1 
2   RID.161 11  00 11 0 
2   RID.162 11  0 14 0 
1   RID.163 22 0 
1   RID.164 12  00 
1   RID.165 21  1 
1   RID.166 20 00 
2   RID.167 11  1 11 0 
2   RID.168 3  1 11 0 
1   RID.169 20  00 
2   RID.170 11  1 9 00 
2   RID.171 8  000 12 01 
2   RID.172 3  100 11 0 
1   RID.173 22  0 
1   RID.174 12  01 
2   RID.175 11  1 14 1 
1   RID.176 21 1 
2   RID.177 23  1 21 1 
2   RID.178 12  001 11 1 
2   RID.179 7  0100 11 0 
2   RID.180 15  10 10 0 
2   RID.181 12  10 7 0100 
1   RID.182 20  00 
2   RID.183 11  0 14 0 
2   RID.184 11  00 12 01 
2   RID.185 11  0 13 11 
2   RID.186 12  00 3 0 
1   RID.187 23 0 
1   RID.188 20  1 
2   RID.189 12  00 11 0 
2   RID.190 12  11 11 1 
1   RID.191 18 11 
1   RID.192 12  0 
2   RID.193 21  0 20 10 
2   RID.194 22  0 20 00 
2   RID.195 11  1 15 00 
2   RID.196 3  000 11 00 
1   RID.197 11  0 
1   RID.198 11  0 
1   RID.199 20  10 
2   RID.200 11  1 11 0 
2   RID.201 11  0 6 0000 
1   RID.202 21 0 
2   RID.203 11  0 15 00 
2   RID.204 12  00 6 000 
1   RID.205 11  0 
1   RID.206 22 0 
1   RID.207 22  1 
2   RID.208 8  011 11 10 
2   RID.209 14  0 11 0 
1   RID.210 21  0 
2   RID.211 12  01 11 1 
2   RID.212 20  00 22 0 
1   RID.213 17  000 
2   RID.214 6  111 12 10 
2   RID.215 11  0 6 010 
1   RID.216 12 00 
2   RID.217 22  0 19 00 
1   RID.218 17  11 
2   RID.219 11  1 3 110 
1   RID.220 20  00 
2   RID.221 11  0 12 01 
1   RID.222 12  00 
1   RID.223 22  0 
2   RID.224 7  1011 12 1 
1   RID.225 9  00 
2   RID.226 15  11 9 10 
1   RID.227 17 010 
2   RID.228 11  0 12 00 
2   RID.229 11  0 7 000 
1   RID.230 20 00 
2   RID.231 22  0 21 0 
2   RID.232 12  10 11 0 
2   RID.233 22  1 18 00 
1   RID.234 6  0101 
2   RID.235 11  0 11 1 
1   RID.236 21  0 
2   RID.237 6  110 11 0 
2   RID.238 11  00 13 01 
2   RID.239 11  0 12 11 
2   RID.240 19  01 21 1 
1   RID.241 4  011 
2   RID.242 12  0 4 111 
1   RID.243 14  1 
2   RID.244 11  0 3 1001 
1   RID.245 20  1 
1   RID.246 22 1 
2   RID.247 3  1001 11 1 
2   RID.248 20  11 22 1 
2   RID.249 11  0 11 1 
2   RID.250 7  1011 15 10 
2   RID.251 22  0 20 00 
