73
27
2   RID.0 15  0000 6 0000000 
2   RID.1 14  0111 3 1111100 
2   RID.2 14  01 14 111 
2   RID.3 8  001111 13 101 
2   RID.4 7  1001111 15 1111 
2   RID.5 5  0000000 14 000 
2   RID.6 14  00 18 00001 
2   RID.7 14  0111 19 10110 
2   RID.8 14  01 3 1111100 
2   RID.9 14  0111 3 1111100 
2   RID.10 25  111 14 11111 
2   RID.11 4  111100 19 00110 
2   RID.12 18  00101 6 1000100 
2   RID.13 13  011 6 1100111 
2   RID.14 14  0111 18 11011 
2   RID.15 14  000 18 00000 
2   RID.16 3  11111 19 10110 
2   RID.17 7  0001000 18 00101 
2   RID.18 6  1100111 16 1111 
2   RID.19 16  1111 6 1100111 
2   RID.20 16  0000 10 00001 
2   RID.21 14  011 20 1110 
2   RID.22 14  0111 18 11011 
2   RID.23 7  0001000 16 000 
2   RID.24 6  0000000 20 0000 
2   RID.25 15  0000 7 0000000 
2   RID.26 3  0001 14 10000 
2   RID.27 4  000000 14 00 
2   RID.28 13  100 15 0000 
1   RID.29 9  00000 
2   RID.30 1  01 14 1000 
2   RID.31 7  0000000 14 000 
2   RID.32 18  00101 7 1001000 
2   RID.33 14  0111 23 111 
2   RID.34 6  0000000 24 0000 
2   RID.35 11  00000 23 000 
2   RID.36 1  11 13 100 
2   RID.37 16  1111 6 1100111 
2   RID.38 14  0000 14 00 
2   RID.39 14  1000 7 0001000 
2   RID.40 3  11111 13 111 
2   RID.41 14  01 14 1111 
2   RID.42 15  0000 13 000 
2   RID.43 17  000000 14 00 
2   RID.44 18  00101 7 1001000 
2   RID.45 14  10 23 00 
2   RID.46 6  1100111 16 1111 
2   RID.47 15  1111 6 1100111 
2   RID.48 13  101 18 11011 
2   RID.49 10  00000 15 0000 
2   RID.50 19  00010 13 000 
2   RID.51 13  101 18 11011 
2   RID.52 13  100 16 0000 
2   RID.53 17  000001 3 1001100 
2   RID.54 3  000000 15 0000 
2   RID.55 1  10 10 00000 
2   RID.56 14  00 13 000 
2   RID.57 7  1001111 16 1111011 
2   RID.58 14  0111 11 11011 
2   RID.59 18  11011 14 1111 
2   RID.60 6  0010110 18 00001 
2   RID.61 26  01 10 10001 
2   RID.62 23  1 9 110001 
2   RID.63 14  011 23 1 
2   RID.64 7  0000000 14 000 
2   RID.65 16  0000101 7 1001000 
2   RID.66 14  0111 14 1111 
2   RID.67 13  010 7 0001000 
2   RID.68 14  00 17 000000 
2   RID.69 7  0101101 16 100 
2   RID.70 14  00 17 000001 
2   RID.71 14  100 13 010 
2   RID.72 20  0110 5 011001 
