Number of Haplotypes 30
1   RID.0 11  00101 
2   RID.1 7  0000 10 000000 
2   RID.2 1  100 10 000000 
2   RID.3 6  1000 16 00 
2   RID.4 21  1111 7 1100 
2   RID.5 4  10 16 00 
1   RID.6 14  00 
2   RID.7 1  111 10 100101 
2   RID.8 4  10 16 00 
2   RID.9 7  110 10 010101 
2   RID.10 10  000101 3 101 
2   RID.11 9  000010 16 00 
2   RID.12 16  001011 10 100101 
2   RID.13 20  000 10 000000 
2   RID.14 20  1000 10 000000 
2   RID.15 14  00 9 00000 
2   RID.16 11  00000 3 010 
2   RID.17 10  000000 12 0000 
2   RID.18 24  00000 13 000 
2   RID.19 9  000010 16 0010111 
2   RID.20 10  111110 16 010000 
2   RID.21 11  00101 9 1000 
2   RID.22 10  000000 9 0000000 
2   RID.23 10  000101 20 11111 
2   RID.24 7  0101 16 110000 
2   RID.25 10  000000 16 000100 
2   RID.26 16  001011 10 100101 
2   RID.27 9  0000101 18 10111 
2   RID.28 13  000 23 0000 
2   RID.29 11  00101 7 110 
2   RID.30 12  0000 22 0000 
2   RID.31 21  0000 6 0000 
2   RID.32 9  0000 16 0001 
2   RID.33 20  0000 10 000000 
2   RID.34 16  000100 7 0000 
2   RID.35 11  00000 9 0000 
2   RID.36 10  000101 9 100010 
2   RID.37 12  0000 22 0000 
2   RID.38 10  000101 7 1000 
2   RID.39 16  0100 6 0010 
2   RID.40 11  00000 1 000 
2   RID.41 10  000101 15 100 
2   RID.42 9  0000000 23 0000 
2   RID.43 11  10101 3 10 
2   RID.44 11  00000 10 000000 
2   RID.45 9  000000 16 0001 
2   RID.46 10  010101 16 1111 
2   RID.47 6  100 12 0000 
2   RID.48 12  0000 22 0000 
2   RID.49 9  0000 16 0010 
2   RID.50 11  00000 16 0001 
2   RID.51 16  0010 10 000101 
2   RID.52 10  001000 9 0001000 
2   RID.53 21  1111 7 1100 
2   RID.54 9  00000 9 00 
2   RID.55 16  0100 24 010110 
2   RID.56 10  000000 20 00000 
2   RID.57 16  00 9 0000 
2   RID.58 16  1000 7 0010 
2   RID.59 16  1000 7 0010 
2   RID.60 11  00010 3 01 
2   RID.61 11  01010 6 0010 
2   RID.62 7  0000 20 000 
2   RID.63 10  000101 11 10101 
2   RID.64 6  1000 18 01000 
2   RID.65 6  100 11 00000 
2   RID.66 16  1000 7 0010 
2   RID.67 11  00000 3 010 
2   RID.68 10  010101 16 1000 
2   RID.69 16  00010 6 000 
1   RID.70 10  000000 
2   RID.71 10  000101 22 11111 
2   RID.72 6  001 11 11010 
2   RID.73 7  1010 10 001000 
