Number of Haplotypes 29
2   RID.0 3  110 13 01111 
2   RID.1 8  00 13 00000 
2   RID.2 17  0 15 000 
2   RID.3 13  00000 5 010 
2   RID.4 8  00000 13 00000 
2   RID.5 19  1000 21 00 
2   RID.6 21  00 23 00 
2   RID.7 13  00000 13 0000 
2   RID.8 7  00 13 00000 
2   RID.9 18  1 16 00 
2   RID.10 21  00 23 00 
1   RID.11 14 0000 
1   RID.12 19  0111 
2   RID.13 24  011 21 10 
1   RID.14 14  0000 
2   RID.15 9  1101 14 1111 
2   RID.16 8  00000 17 0 
2   RID.17 5  001 18 1 
2   RID.18 19  1000 21 00 
2   RID.19 10  000000 18 0 
2   RID.20 19  1000 23 001 
1   RID.21 9 10000 
2   RID.22 8  00000 13 00000 
2   RID.23 8  0000 14 0000 
2   RID.24 19  1000 23 0011 
2   RID.25 1  10 13 00000 
1   RID.26 10 010000 
2   RID.27 23  00 19 000 
2   RID.28 19  100 19 0000 
1   RID.29 14 0000 
2   RID.30 10  000000 13 00000 
1   RID.31 8  00 
1   RID.32 14 0000 
2   RID.33 21  11 21 11 
2   RID.34 10  01000 17 0 
1   RID.35 7  00 
1   RID.36 13  00000 
1   RID.37 25  001 
2   RID.38 21  00 18 0 
2   RID.39 13  00000 13 0000 
2   RID.40 17  0 8 000 
2   RID.41 26  10 19 0000 
2   RID.42 9  0000 16 00 
2   RID.43 27  0 19 0000 
1   RID.44 6  00 
1   RID.45 23 001 
1   RID.46 10  010000 
1   RID.47 24  000 
2   RID.48 10  000000 18 0 
2   RID.49 19  10 16 00 
1   RID.50 13 00000 
2   RID.51 19  10 25 010 
2   RID.52 10  000000 13 00000 
2   RID.53 19  100 23 00 
2   RID.54 15  000 15 011 
2   RID.55 17  0 13 1000 
2   RID.56 13  00000 10 000000 
2   RID.57 19  1000 15 000 
2   RID.58 13  11111 13 10000 
2   RID.59 21  00 23 001 
2   RID.60 20  000 23 00 
2   RID.61 23  10 21 00 
2   RID.62 13  00000 7 0 
2   RID.63 21  00 18 0 
2   RID.64 8  00000 13 00000 
2   RID.65 13  0000 8 0000 
1   RID.66 21  001 
1   RID.67 13  00000 
2   RID.68 8  00 16 00 
2   RID.69 8  00000 17 0 
1   RID.70 21  11 
2   RID.71 21  00 27 000 
1   RID.72 14  0000 
1   RID.73 21  00 
2   RID.74 17  0 9 00000 
2   RID.75 13  11111 10 101111 
1   RID.76 13 10000 
2   RID.77 8  00 14 0000 
2   RID.78 18  0 18 0 
2   RID.79 21  00 26 00 
2   RID.80 13  00000 18 0 
2   RID.81 26  10 19 00 
2   RID.82 21  00 27 00 
2   RID.83 7  11 7 11 
2   RID.84 8  00010 18 0 
2   RID.85 19  100 23 00 
1   RID.86 3  001 
2   RID.87 18  1 21 11 
2   RID.88 21  00 25 001 
2   RID.89 17  0 13 10000 
2   RID.90 18  0 17 0 
2   RID.91 14  1111 7 11 
2   RID.92 9  0000 15 000 
2   RID.93 16  00 10 000000 
2   RID.94 21  00 25 001 
2   RID.95 7  00 13 00000 
1   RID.96 14  0000 
2   RID.97 13  00000 2 0 
2   RID.98 23  01 17 1 
2   RID.99 9  0000 15 000 
2   RID.100 12  00000 15 000 
2   RID.101 22  10 19 01 
2   RID.102 6  00 10 00000 
1   RID.103 23 000 
2   RID.104 13  00000 13 00000 
2   RID.105 8  1110 13 01111 
2   RID.106 13  00000 6 00 
2   RID.107 6  01 13 11111 
2   RID.108 23  1 19 1000 
2   RID.109 13  11111 9 1101 
2   RID.110 19  1000 23 001 
2   RID.111 5  001 18 1 
2   RID.112 17  0 13 10000 
2   RID.113 23  100 19 0 
1   RID.114 19 0000 
1   RID.115 21  11 
1   RID.116 16 10 
2   RID.117 8  00000 15 000 
1   RID.118 16  00 
2   RID.119 5  000 18 0 
2   RID.120 28  00 21 00 
2   RID.121 8  00000 13 00000 
2   RID.122 23  00 21 00 
2   RID.123 8  00 1 00 
2   RID.124 27  000 23 0 
2   RID.125 21  001 19 10 
2   RID.126 7  00 13 00000 
2   RID.127 13  0000 9 00000 
2   RID.128 8  00000 13 00000 
1   RID.129 19 0000 
2   RID.130 21  00 23 00 
2   RID.131 13  00000 13 00000 
1   RID.132 10 000000 
2   RID.133 17  0 16 00 
2   RID.134 13  00000 8 00000 
2   RID.135 5  001 14 1000 
2   RID.136 19  1000 21 00 
1   RID.137 19 0000 
2   RID.138 13  0000 18 0 
2   RID.139 21  00 19 000 
2   RID.140 13  00000 7 00 
2   RID.141 7  00 14 0000 
2   RID.142 19  0111 27 111 
2   RID.143 9  0000 14 0000 
2   RID.144 19  1000 22 01 
2   RID.145 7  00 13 00000 
1   RID.146 23 000 
2   RID.147 7  00 13 00000 
1   RID.148 23 0 
2   RID.149 13  00000 18 0 
1   RID.150 7  00 
2   RID.151 13  00000 10 000000 
2   RID.152 23  100 23 0 
1   RID.153 13  00000 
2   RID.154 18  0 14 0000 
2   RID.155 18  0 4 000 
1   RID.156 13 00000 
2   RID.157 27  000 19 0000 
2   RID.158 13  00000 8 00000 
2   RID.159 18  0 10 000000 
2   RID.160 16  00 9 0010 
2   RID.161 22  00 23 001 
2   RID.162 23  010 18 0 
2   RID.163 9  000000 14 0000 
2   RID.164 13  00000 9 0000 
2   RID.165 19  100 19 0000 
1   RID.166 19  1000 
1   RID.167 16 00 
1   RID.168 13 00000 
2   RID.169 13  0000 4 000 
2   RID.170 21  00 23 00 
1   RID.171 19  1000 
1   RID.172 6  10 
2   RID.173 18  0 21 00 
1   RID.174 23  100 
2   RID.175 13  0000 6 00 
2   RID.176 21  000 18 0 
1   RID.177 21 00 
2   RID.178 21  00 19 00 
2   RID.179 13  0000 16 00 
2   RID.180 14  0000 7 00 
2   RID.181 29  1 21 01 
2   RID.182 8  0 16 10 
2   RID.183 13  00000 8 00010 
2   RID.184 10  000000 18 0 
2   RID.185 21  00 19 0000 
2   RID.186 2  1 13 00000 
2   RID.187 10  000000 13 0000 
2   RID.188 23  001 19 10 
1   RID.189 9 0000 
2   RID.190 10  00000 13 0000 
2   RID.191 21  001 21 10 
2   RID.192 10  000000 13 00000 
2   RID.193 21  001 19 10 
2   RID.194 6  00 6 00 
2   RID.195 6  10 15 000 
2   RID.196 17  0 15 000 
1   RID.197 8 00010 
2   RID.198 23  00 23 001 
2   RID.199 18  0 21 10 
2   RID.200 10  000000 18 0 
2   RID.201 19  1000 19 00 
2   RID.202 15  000 19 0000 
2   RID.203 21  11 17 1 
2   RID.204 13  00000 15 000 
2   RID.205 9  00000 13 00000 
2   RID.206 8  00000 13 00000 
2   RID.207 7  11 13 11111 
1   RID.208 22 10 
2   RID.209 12  0000 13 00000 
2   RID.210 14  0000 17 0 
2   RID.211 15  000 19 00 
2   RID.212 10  000000 18 0 
2   RID.213 8  00 10 000000 
1   RID.214 14  0000 
2   RID.215 9  00000 13 00000 
2   RID.216 19  100 21 00 
1   RID.217 13  0000 
2   RID.218 13  00000 9 0010 
2   RID.219 13  11111 3 110 
1   RID.220 16 00 
2   RID.221 18  0 9 000000 
2   RID.222 3  000 13 00000 
2   RID.223 13  00000 8 00000 
2   RID.224 14  0111 14 1111 
1   RID.225 6  10 
2   RID.226 16  11 10 101111 
2   RID.227 13  11011 13 10000 
2   RID.228 23  010 21 01 
2   RID.229 19  100 13 00000 
2   RID.230 2  01 13 11111 
2   RID.231 19  0111 23 110 
1   RID.232 16 00 
2   RID.233 9  1101 9 1110 
1   RID.234 9  0000 
1   RID.235 21  001 
2   RID.236 10  000000 13 00000 
1   RID.237 21 00 
2   RID.238 5  001 13 10000 
2   RID.239 19  1000 19 0 
2   RID.240 21  00 21 001 
2   RID.241 13  00000 18 0 
2   RID.242 13  00000 14 0000 
2   RID.243 15  000 10 010000 
2   RID.244 23  001 19 1000 
2   RID.245 21  000 23 00 
1   RID.246 3  000 
2   RID.247 21  00 23 0000 
1   RID.248 14  0000 
2   RID.249 21  00 23 0000 
2   RID.250 19  1000 27 000 
1   RID.251 9 0000 
2   RID.252 10  000000 3 000 
2   RID.253 9  0000 14 0000 
2   RID.254 22  00 26 00 
2   RID.255 23  001 21 10 
2   RID.256 7  11 16 11 
2   RID.257 9  0010 14 0000 
2   RID.258 13  00000 16 00 
1   RID.259 9  0000 
1   RID.260 13  00000 
2   RID.261 21  00 23 001 
2   RID.262 8  00000 14 0000 
1   RID.263 23  100 
2   RID.264 18  0 16 00 
2   RID.265 8  00 18 0 
2   RID.266 27  000 23 0 
2   RID.267 27  000 20 000 
2   RID.268 10  000000 14 0000 
2   RID.269 9  00000 18 0 
2   RID.270 18  1 28 01 
2   RID.271 19  1000 23 001 
2   RID.272 3  001 13 10000 
2   RID.273 13  00000 6 00 
1   RID.274 14  0000 
2   RID.275 7  11 13 11111 
2   RID.276 13  00000 13 0000 
2   RID.277 13  11111 13 11111 
2   RID.278 13  11111 9 1101 
2   RID.279 23  00 19 0000 
2   RID.280 18  0 16 00 
1   RID.281 21 00 
2   RID.282 13  00000 7 00 
2   RID.283 7  00 15 000 
2   RID.284 13  00000 10 000000 
2   RID.285 19  0111 24 100 
2   RID.286 9  0000 14 0000 
2   RID.287 13  0000 10 000000 
2   RID.288 19  10 16 00 
2   RID.289 10  000000 16 00 
2   RID.290 19  1000 23 001 
1   RID.291 13 10000 
2   RID.292 24  011 21 10 
1   RID.293 8  00010 
1   RID.294 14  0000 
2   RID.295 18  1 21 01 
2   RID.296 13  00000 13 00000 
2   RID.297 18  0 17 0 
2   RID.298 8  1110 4 000 
2   RID.299 14  0000 8 00000 
1   RID.300 21 00 
2   RID.301 8  00000 13 00000 
2   RID.302 5  110 13 00000 
1   RID.303 16 00 
1   RID.304 8 00 
1   RID.305 13  00000 
