85
22
2   RID.0 21  01 16 110 
2   RID.1 18  001 8 1001110 
2   RID.2 13  010 16 0000 
2   RID.3 16  00 16 0000 
2   RID.4 21  11 16 11 
1   RID.5 18  001 
2   RID.6 16  0011 8 10000 
2   RID.7 16  0011 8 1000000 
2   RID.8 18  001 16 10 
2   RID.9 9  111110 16 0100 
2   RID.10 16  0000 21 0 
1   RID.11 16 00 
2   RID.12 15  111 7 10111 
2   RID.13 16  0011 8 10000 
2   RID.14 16  1100 12 0101 
2   RID.15 13  000 9 000000 
2   RID.16 16  00 15 00 
2   RID.17 22  1 6 01011 
2   RID.18 16  0011 20 1 
2   RID.19 6  001000 16 0000 
2   RID.20 16  0000 16 0111 
2   RID.21 15  11 12 1101 
2   RID.22 1  11101 20 1 
2   RID.23 16  00 16 0000 
2   RID.24 16  00 7 00000 
2   RID.25 12  0000 16 0011 
2   RID.26 11  00000 20 00 
2   RID.27 7  00000 13 000 
2   RID.28 13  101 13 101 
2   RID.29 21  01 16 1000 
2   RID.30 8  0111110 15 011 
2   RID.31 15  100 12 0101 
2   RID.32 16  1100 1 01101 
2   RID.33 15  00 12 0010 
2   RID.34 6  000000 15 000 
1   RID.35 16 0000 
1   RID.36 16 01 
2   RID.37 12  0000 15 000 
2   RID.38 20  1 10 011101 
2   RID.39 16  000 21 01 
2   RID.40 15  00 1 11 
2   RID.41 16  1011 16 1011 
2   RID.42 16  0011 15 100 
2   RID.43 16  1100 16 0100 
2   RID.44 16  00001 15 10 
2   RID.45 8  00011 16 100 
2   RID.46 10  011101 20 1 
2   RID.47 16  00 1 0 
1   RID.48 21  01 
2   RID.49 11  11101 17 1001 
2   RID.50 16  110 16 01 
1   RID.51 16  11 
2   RID.52 19  01 8 10011 
2   RID.53 20  10 12 0101 
2   RID.54 13  101 2 110111 
2   RID.55 12  0010 16 000 
2   RID.56 16  00 12 0000 
2   RID.57 16  10111 13 101 
2   RID.58 15  00 7 01000 
1   RID.59 16  00 
2   RID.60 6  00000 13 000 
2   RID.61 16  00 17 0001 
2   RID.62 12  0010 22 0 
2   RID.63 8  0111110 15 011 
2   RID.64 10  000010 18 000 
2   RID.65 5  00000 16 0011 
2   RID.66 6  00110 20 0 
2   RID.67 16  00 8 00000 
2   RID.68 16  00 18 001 
2   RID.69 18  000 16 0000 
2   RID.70 16  0000 12 0010 
2   RID.71 16  00110 5 000000 
2   RID.72 12  1101 16 1000 
2   RID.73 6  110001 15 100 
2   RID.74 8  1000001 21 11 
2   RID.75 16  00 16 0000 
2   RID.76 13  101 20 10 
2   RID.77 11  00000 16 00 
2   RID.78 20  0 7 01000 
2   RID.79 16  0000 21 0 
2   RID.80 21  11 1 11101 
2   RID.81 16  0000 18 000 
2   RID.82 21  01 16 1000 
2   RID.83 18  000 16 0000 
2   RID.84 12  1101 18 101 
