339
21
2   RID.0 11  0 5 1100 
1   RID.1 5  0100 
2   RID.2 9  111 5 101 
2   RID.3 15  01 13 10 
2   RID.4 17  11 13 10 
1   RID.5 4  1 
2   RID.6 12  0 14 0 
2   RID.7 13  1 4 00 
2   RID.8 4  1 7 0000 
2   RID.9 8  0000 10 00 
2   RID.10 17  1 14 0 
2   RID.11 4  0 5 0100 
2   RID.12 14  0 17 01 
2   RID.13 13  00 9 000 
2   RID.14 4  1101 4 1 
1   RID.15 13 10 
2   RID.16 1  10 8 0111 
2   RID.17 17  1 15 11 
2   RID.18 15  01 17 1 
2   RID.19 5  1011 8 1111 
1   RID.20 12  0 
2   RID.21 15  0 19 111 
2   RID.22 13  00 15 01 
2   RID.23 5  101 12 1 
2   RID.24 12  1 5 1011 
2   RID.25 8  111 4 110 
2   RID.26 13  00 15 01 
1   RID.27 14 1 
2   RID.28 19  101 15 11 
2   RID.29 15  11 17 1 
2   RID.30 18  11 15 11 
2   RID.31 13  0 14 1 
2   RID.32 19  001 15 11 
2   RID.33 13  0 11 1 
2   RID.34 11  0 4 10 
2   RID.35 8  0000 5 0100 
2   RID.36 4  001 8 1000 
2   RID.37 13  1 14 0 
2   RID.38 4  0 5 0100 
2   RID.39 20  01 15 11 
2   RID.40 13  00 8 0000 
2   RID.41 12  1 13 01 
2   RID.42 21  1 14 1 
2   RID.43 5  0100 9 000 
2   RID.44 14  0 18 0 
2   RID.45 15  01 18 1 
2   RID.46 13  00 15 01 
1   RID.47 15 11 
2   RID.48 11  1 7 1111 
2   RID.49 15  1 19 111 
1   RID.50 8 1000 
2   RID.51 15  1 15 01 
1   RID.52 4  0 
2   RID.53 5  010 5 0100 
2   RID.54 21  0 15 01 
2   RID.55 15  1 15 11 
1   RID.56 8  0000 
2   RID.57 15  1 20 01 
2   RID.58 14  0 17 11 
1   RID.59 13  00 
2   RID.60 11  0 4 0010 
1   RID.61 13  11 
2   RID.62 5  0100 11 0 
2   RID.63 5  0100 4 0 
1   RID.64 4  1 
2   RID.65 5  010 9 000 
2   RID.66 16  11 12 1 
1   RID.67 4 10 
2   RID.68 14  0 13 00 
2   RID.69 13  0 14 0 
1   RID.70 6  100 
2   RID.71 8  0000 4 0 
2   RID.72 7  0000 11 0 
2   RID.73 11  1 6 0111 
2   RID.74 8  0000 6 000 
2   RID.75 14  0 15 01 
2   RID.76 4  1 10 10 
1   RID.77 5  010 
1   RID.78 5  0100 
1   RID.79 4  1 
2   RID.80 10  00 4 0 
2   RID.81 4  11 8 1111 
2   RID.82 6  100 4 0 
2   RID.83 10  00 5 010 
2   RID.84 5  0100 8 0000 
2   RID.85 15  11 13 1 
2   RID.86 9  000 5 010 
2   RID.87 5  0100 4 0010 
2   RID.88 12  0 5 010 
2   RID.89 13  00 15 01 
2   RID.90 9  111 4 1 
1   RID.91 13 10 
2   RID.92 13  11 13 11 
2   RID.93 13  1 16 11 
2   RID.94 5  0100 8 0000 
2   RID.95 3  0 8 0111 
2   RID.96 12  0 4 1010 
2   RID.97 14  0 15 01 
1   RID.98 5  0100 
2   RID.99 18  11 13 10 
2   RID.100 12  1 13 0 
2   RID.101 14  1 17 0 
2   RID.102 4  0 5 0100 
2   RID.103 4  1 12 0 
2   RID.104 8  0000 9 000 
1   RID.105 6  0111 
2   RID.106 4  0 6 1000 
2   RID.107 7  1111 7 1000 
2   RID.108 5  0000 12 0 
2   RID.109 8  0000 5 010 
2   RID.110 13  00 13 0 
1   RID.111 14 0 
2   RID.112 10  00 4 0 
2   RID.113 9  000 8 0000 
2   RID.114 13  0 17 01 
1   RID.115 7  0000 
2   RID.116 2  11 8 1000 
2   RID.117 13  00 14 0 
2   RID.118 1  011 5 110 
2   RID.119 12  0 5 010 
2   RID.120 7  0000 12 0 
2   RID.121 17  1 15 01 
2   RID.122 18  1 13 10 
2   RID.123 13  00 17 0 
1   RID.124 13  1 
1   RID.125 7  1111 
2   RID.126 13  00 15 01 
2   RID.127 17  11 13 1 
2   RID.128 4  00 5 0100 
2   RID.129 13  00 15 01 
2   RID.130 8  1111 8 1111 
2   RID.131 15  01 15 11 
1   RID.132 13 11 
2   RID.133 15  01 17 1 
1   RID.134 4 1 
1   RID.135 17 1 
1   RID.136 12  0 
2   RID.137 9  000 5 010 
2   RID.138 13  0 8 0000 
2   RID.139 16  11 13 10 
2   RID.140 7  0100 11 0 
2   RID.141 6  1000 6 0000 
2   RID.142 13  11 13 1 
2   RID.143 5  010 8 0000 
2   RID.144 5  1011 5 1011 
1   RID.145 17 1 
1   RID.146 17  1 
2   RID.147 16  1 14 1 
1   RID.148 5 1011 
2   RID.149 15  01 13 10 
2   RID.150 15  0 13 0 
2   RID.151 17  1 13 00 
2   RID.152 15  1 12 0 
2   RID.153 11  0 5 010 
2   RID.154 4  0 5 010 
2   RID.155 8  0000 5 010 
2   RID.156 4  0 5 010 
2   RID.157 12  0 13 00 
1   RID.158 5 0100 
1   RID.159 13 0 
2   RID.160 20  01 15 11 
2   RID.161 15  01 13 10 
2   RID.162 14  0 12 0 
2   RID.163 14  0 13 00 
2   RID.164 8  0000 5 0100 
1   RID.165 5  010 
2   RID.166 12  0 5 010 
2   RID.167 15  01 18 11 
2   RID.168 4  001 5 110 
2   RID.169 4  0010 8 0000 
2   RID.170 6  100 4 0 
2   RID.171 18  11 15 11 
2   RID.172 13  00 13 0 
2   RID.173 11  0 5 010 
2   RID.174 15  01 19 101 
2   RID.175 13  1 4 1 
2   RID.176 11  0 6 1000 
2   RID.177 11  0 6 0000 
2   RID.178 12  1 4 0 
2   RID.179 13  11 18 11 
2   RID.180 6  100 12 0 
1   RID.181 8  0000 
2   RID.182 15  01 17 1 
2   RID.183 13  0 14 1 
2   RID.184 6  1000 12 0 
2   RID.185 6  001 12 1 
2   RID.186 17  1 13 1 
2   RID.187 11  0 5 1100 
2   RID.188 8  0000 13 0 
2   RID.189 18  1 15 01 
2   RID.190 8  0000 8 0000 
2   RID.191 8  0000 13 00 
2   RID.192 8  0000 5 0100 
2   RID.193 15  11 19 110 
2   RID.194 13  00 17 01 
2   RID.195 5  010 8 0000 
2   RID.196 4  0 8 0000 
2   RID.197 6  1000 4 00 
2   RID.198 13  00 8 0000 
1   RID.199 12  0 
2   RID.200 15  1 13 01 
2   RID.201 11  0 5 1100 
2   RID.202 13  00 16 01 
2   RID.203 16  11 13 10 
2   RID.204 8  1111 4 1101 
2   RID.205 13  1 14 1 
2   RID.206 13  00 14 0 
2   RID.207 13  00 15 01 
2   RID.208 15  01 17 1 
2   RID.209 11  0 13 10 
1   RID.210 15  01 
2   RID.211 8  0000 14 0 
2   RID.212 5  010 13 00 
2   RID.213 13  0 14 0 
2   RID.214 8  0000 8 0000 
2   RID.215 13  00 17 01 
2   RID.216 5  0100 4 00 
2   RID.217 13  1 19 001 
2   RID.218 5  010 6 0000 
2   RID.219 13  00 13 0 
1   RID.220 13 01 
2   RID.221 17  1 13 10 
2   RID.222 13  00 15 0 
2   RID.223 13  11 8 1111 
2   RID.224 8  0000 5 010 
2   RID.225 9  000 5 010 
1   RID.226 12 0 
2   RID.227 14  0 13 00 
2   RID.228 6  0111 4 1 
2   RID.229 18  1 13 10 
2   RID.230 15  11 15 11 
1   RID.231 13  0 
2   RID.232 11  0 7 1000 
2   RID.233 4  0010 11 0 
2   RID.234 13  00 13 0 
2   RID.235 16  1 12 0 
1   RID.236 13 0 
2   RID.237 11  0 4 0010 
2   RID.238 8  0000 4 0 
2   RID.239 20  01 15 11 
2   RID.240 16  11 15 11 
1   RID.241 8 1000 
2   RID.242 12  0 13 00 
2   RID.243 18  1 13 0 
1   RID.244 8 0000 
1   RID.245 16  11 
1   RID.246 11  0 
2   RID.247 15  01 13 10 
2   RID.248 12  0 7 0000 
2   RID.249 15  01 15 11 
1   RID.250 13  11 
2   RID.251 16  11 15 11 
2   RID.252 1  10 8 0111 
2   RID.253 4  001 12 1 
2   RID.254 8  000 13 00 
2   RID.255 13  11 12 1 
2   RID.256 8  1111 13 11 
1   RID.257 7 1000 
2   RID.258 5  0100 12 0 
2   RID.259 13  00 13 0 
2   RID.260 4  0010 8 0000 
2   RID.261 8  0000 12 0 
2   RID.262 16  11 13 10 
1   RID.263 5 0011 
2   RID.264 15  01 17 1 
1   RID.265 13  11 
2   RID.266 5  0100 1 11 
2   RID.267 8  0000 4 0010 
1   RID.268 16 01 
2   RID.269 17  1 13 1 
2   RID.270 14  01 15 11 
2   RID.271 8  0000 4 0010 
2   RID.272 15  01 12 1 
2   RID.273 16  10 16 01 
2   RID.274 8  0000 4 0010 
2   RID.275 6  0111 4 1 
2   RID.276 8  0000 8 0000 
2   RID.277 15  01 13 10 
1   RID.278 7  0000 
2   RID.279 15  01 18 11 
2   RID.280 16  11 13 10 
2   RID.281 13  11 14 1 
2   RID.282 9  000 5 010 
2   RID.283 5  010 4 001 
2   RID.284 16  11 15 11 
2   RID.285 5  010 9 000 
2   RID.286 17  1 5 010 
2   RID.287 13  00 13 00 
1   RID.288 5  0100 
2   RID.289 13  00 8 0000 
2   RID.290 5  0100 6 00000 
2   RID.291 13  0 12 0 
2   RID.292 4  00 6 0000 
1   RID.293 5  0100 
2   RID.294 8  0000 5 010 
1   RID.295 6 0111 
2   RID.296 14  1 14 1 
2   RID.297 15  01 14 1 
2   RID.298 13  1 8 1111 
2   RID.299 15  01 17 1 
2   RID.300 21  1 15 11 
2   RID.301 13  0 12 1 
2   RID.302 14  0 15 11 
2   RID.303 10  00 4 0 
2   RID.304 21  1 14 0 
2   RID.305 12  0 5 0100 
2   RID.306 8  0000 1 10 
2   RID.307 8  1111 4 1 
2   RID.308 15  11 15 1 
2   RID.309 6  1000 4 001 
1   RID.310 4  001 
2   RID.311 8  0000 8 0000 
2   RID.312 13  1 14 0 
2   RID.313 12  0 15 01 
2   RID.314 5  010 5 010 
2   RID.315 12  0 13 0 
2   RID.316 5  101 8 1111 
2   RID.317 5  010 9 000 
2   RID.318 12  0 13 00 
1   RID.319 13  00 
2   RID.320 19  011 13 1 
2   RID.321 13  1 12 1 
2   RID.322 8  0000 11 0 
2   RID.323 8  0000 5 010 
2   RID.324 5  0100 6 0000 
2   RID.325 14  0 15 01 
2   RID.326 12  0 6 1000 
1   RID.327 7 0000 
2   RID.328 5  0100 8 0000 
1   RID.329 15  11 
2   RID.330 15  01 5 110 
2   RID.331 13  11 16 11 
1   RID.332 5  0100 
2   RID.333 4  1 6 00000 
1   RID.334 6  01111 
2   RID.335 9  000 5 0100 
2   RID.336 13  00 15 01 
1   RID.337 4 10 
2   RID.338 13  1 9 000 
