Number of Haplotypes 77
2   RID.0 4  10110 20 0011010 
2   RID.1 58  00000 53 0010 
2   RID.2 63  1111 70 11 
2   RID.3 11  000001 19 10000000 
2   RID.4 19  00000000 18 000000 
2   RID.5 71  1 65 000 
2   RID.6 72  1 68 00 
2   RID.7 18  001110111 18 111111101 
2   RID.8 15  111 23 1000000 
2   RID.9 32  00000 18 00000 
2   RID.10 11  000011 18 100000 
2   RID.11 27  00000 18 00000 
2   RID.12 47  10 45 0 
2   RID.13 58  1110 63 0110 
2   RID.14 61  01 66 100 
2   RID.15 18  00000 33 00100 
2   RID.16 18  0000 22 00000000 
2   RID.17 34  00010 17 000 
2   RID.18 27  00000 11 01000 
2   RID.19 30  111110 30 011011 
2   RID.20 18  001 35 101000 
2   RID.21 61  00 63 0 
2   RID.22 61  10 68 00 
2   RID.23 18  000000 23 0000000 
2   RID.24 18  0000 18 000000 
2   RID.25 63  1 61 00 
2   RID.26 71  1 65 000 
2   RID.27 58  00000 63 00 
2   RID.28 13  00111 27 10000 
2   RID.29 19  00000000 30 0000 
2   RID.30 60  100 63 011 
2   RID.31 70  0 68 10 
2   RID.32 70  1 71 0 
2   RID.33 11  01000 22 00000000 
2   RID.34 22  000000 27 00000 
2   RID.35 57  0 61 00 
2   RID.36 68  00 70 0 
2   RID.37 30  0000 4 001100 
2   RID.38 18  001000000 32 0000 
2   RID.39 23  0000000 14 0011 
2   RID.40 26  000000 12 000111 
2   RID.41 61  01 64 1000 
2   RID.42 18  0010000 11 000001 
2   RID.43 61  00 56 00 
2   RID.44 68  00 70 00 
2   RID.45 57  0000 61 01 
2   RID.46 18  011111 18 111010 
2   RID.47 69  01 71 1 
2   RID.48 26  000000 23 0000000 
2   RID.49 58  000 63 000 
2   RID.50 12  000111 18 10000000 
2   RID.51 61  00 66 010 
2   RID.52 18  111111 18 110001110 
2   RID.53 32  000000 18 000000 
2   RID.54 61  00 63 001 
2   RID.55 60  000 65 0110 
2   RID.56 4  10011 27 11111 
2   RID.57 30  0000 11 000 
2   RID.58 55  11 61 10 
2   RID.59 68  00 61 000 
2   RID.60 70  11 58 10000 
2   RID.61 72  1 67 00 
2   RID.62 22  00000000 12 000011 
2   RID.63 63  0 53 11 
2   RID.64 63  00 61 00 
2   RID.65 68  01 66 100 
2   RID.66 28  000000 18 00000000 
2   RID.67 58  000 63 0 
2   RID.68 67  00 72 0 
2   RID.69 42  101 24 1000000 
2   RID.70 18  000000000 29 00000 
2   RID.71 9  101 18 100000000 
2   RID.72 18  00000 27 00000 
2   RID.73 28  000101 18 10111111 
2   RID.74 26  000000 18 00000 
2   RID.75 27  11111 27 10001 
2   RID.76 71  1 70 11 
2   RID.77 70  00 70 0 
2   RID.78 27  00000 18 000000000 
2   RID.79 18  000000 24 0000000 
2   RID.80 64  0000 70 0 
2   RID.81 18  0000 34 00001 
2   RID.82 60  010 56 0 
2   RID.83 16  11 27 100000 
2   RID.84 56  1 61 00 
2   RID.85 64  0111 58 10000 
2   RID.86 27  00000 19 00000000 
2   RID.87 56  1 63 0000 
2   RID.88 30  110111 30 111110 
2   RID.89 16  00 28 000000 
2   RID.90 24  0000111 18 111010 
2   RID.91 60  000 63 0011 
1   RID.92 70  11 
2   RID.93 18  011110100 18 011111110 
2   RID.94 61  00 66 010 
2   RID.95 49  010 44 0 
2   RID.96 70  01 67 10 
2   RID.97 20  0000000 32 00000 
2   RID.98 57  000 60 010 
2   RID.99 64  0111 61 100 
2   RID.100 23  0000000 11 0000111 
2   RID.101 18  101011111 23 1010111 
2   RID.102 32  0001 11 11000 
2   RID.103 60  010 64 0100 
1   RID.104 70  01 
2   RID.105 69  0 70 1 
2   RID.106 24  0000000 18 000000000 
2   RID.107 61  00 57 000 
2   RID.108 63  10 61 01 
2   RID.109 22  00000000 18 0000 
2   RID.110 18  000000000 32 000100 
2   RID.111 60  010 56 0 
2   RID.112 63  011 59 1100 
2   RID.113 18  000000000 12 000011 
2   RID.114 18  000000000 18 00 
2   RID.115 57  0 60 000 
2   RID.116 52  0 60 000 
2   RID.117 61  00 63 011 
2   RID.118 34  000010 18 000 
2   RID.119 23  1110101 23 1110111 
2   RID.120 30  00000 17 0 
2   RID.121 70  01 67 101 
2   RID.122 47  01 45 1 
2   RID.123 68  00 59 0001 
2   RID.124 63  1 61 11 
2   RID.125 58  000 63 0 
2   RID.126 67  010 70 01 
2   RID.127 68  00 66 010 
2   RID.128 18  000000 18 00000 
2   RID.129 63  10 61 01 
2   RID.130 18  0000 18 000000 
2   RID.131 23  0100100 23 0110010 
2   RID.132 58  00010 66 001 
2   RID.133 70  0 69 1 
2   RID.134 22  000000 11 00000 
2   RID.135 63  01 61 10 
2   RID.136 63  0 60 000 
2   RID.137 1  110 18 0000 
2   RID.138 20  1000000 4 0011001 
2   RID.139 18  00000000 22 000000 
2   RID.140 53  0 61 00 
2   RID.141 61  00 68 01 
2   RID.142 63  01 61 10 
2   RID.143 45  0 49 010 
2   RID.144 61  00 58 000 
2   RID.145 28  000000 12 000111 
2   RID.146 32  000100 18 000000 
2   RID.147 12  111111 18 111111110 
2   RID.148 4  11111 18 111010111 
2   RID.149 17  10 22 000000 
2   RID.150 57  000 63 0 
2   RID.151 63  10 57 0000 
2   RID.152 22  00000000 18 00000 
2   RID.153 61  01 61 11 
2   RID.154 61  00 68 01 
2   RID.155 55  11 61 10 
2   RID.156 23  0000000 19 00000000 
2   RID.157 18  0010000 11 000001 
2   RID.158 11  0100011 20 1000000 
2   RID.159 64  0111 58 100 
2   RID.160 69  00 70 01 
2   RID.161 61  00 57 0 
2   RID.162 9  00 22 00000000 
2   RID.163 22  110101 11 11101 
2   RID.164 31  00000 21 0000000 
2   RID.165 68  00 70 01 
2   RID.166 68  00 61 000 
2   RID.167 18  001000 4 00110 
2   RID.168 18  001000000 18 0010 
2   RID.169 18  111110 24 0000111 
2   RID.170 61  00 61 00 
2   RID.171 72  1 70 01 
2   RID.172 61  10 66 001 
2   RID.173 70  0 68 10 
2   RID.174 61  00 64 0111 
2   RID.175 27  00000 18 0000 
2   RID.176 63  01 56 10 
2   RID.177 22  1011011 22 1001101 
1   RID.178 20 1111111 
2   RID.179 61  00 58 00000 
2   RID.180 57  100 60 000 
2   RID.181 18  001111101 27 11011 
2   RID.182 70  1 59 1100 
2   RID.183 11  0000011 23 1000000 
2   RID.184 11  0000111 18 1000 
2   RID.185 19  00000000 12 000011 
2   RID.186 18  0000 12 000011 
2   RID.187 61  01 63 10000 
2   RID.188 19  10001110 22 01110111 
2   RID.189 61  00 60 000 
2   RID.190 60  100 57 0 
2   RID.191 63  001 55 10 
2   RID.192 61  00 64 0111 
2   RID.193 11  0100011 17 100 
2   RID.194 23  1010111 18 101011111 
2   RID.195 23  0000000 12 000011 
2   RID.196 32  000000 18 00000 
2   RID.197 14  0011 18 10000000 
2   RID.198 18  0000 18 000000000 
2   RID.199 70  01 70 11 
2   RID.200 18  0000 26 000000 
2   RID.201 53  111 63 1 
2   RID.202 28  000000 18 000000000 
2   RID.203 30  11111 18 111111011 
1   RID.204 70 11 
2   RID.205 67  01 72 1 
2   RID.206 72  1 70 1 
2   RID.207 68  00 70 0 
2   RID.208 4  11111 4 11111 
2   RID.209 11  0000011 18 10000 
2   RID.210 19  00000000 9 000 
2   RID.211 28  000000 16 00 
2   RID.212 70  11 72 1 
2   RID.213 18  000 31 00000 
2   RID.214 11  010001 18 10000 
2   RID.215 18  000000000 23 0000000 
2   RID.216 18  100100100 31 01110 
2   RID.217 72  1 63 0011 
2   RID.218 70  11 68 10 
2   RID.219 3  000110 18 001000 
2   RID.220 42  010 18 00000 
2   RID.221 63  0011 61 10 
2   RID.222 23  0000000 13 00011 
2   RID.223 18  0000 22 00000000 
2   RID.224 26  000000 18 00000 
2   RID.225 9  100 19 00000000 
2   RID.226 22  011111 22 101001 
2   RID.227 23  1110101 23 1110111 
2   RID.228 60  001 63 10 
2   RID.229 72  1 68 00 
1   RID.230 69  0 
2   RID.231 32  000001 18 101000000 
2   RID.232 32  0001 23 1000000 
2   RID.233 19  00100100 22 001001 
2   RID.234 18  00000 32 0000 
2   RID.235 19  10001110 23 0111001 
2   RID.236 42  010 18 00000 
2   RID.237 32  000001 18 10100 
2   RID.238 24  0000000 18 00000 
2   RID.239 23  0000000 18 000000000 
1   RID.240 60  010 
2   RID.241 70  01 68 11 
2   RID.242 70  10 68 00 
2   RID.243 20  0000000 11 0100011 
2   RID.244 70  00 67 00 
2   RID.245 46  0 47 00 
2   RID.246 18  01110111 18 11111101 
2   RID.247 27  00000 18 001000000 
2   RID.248 4  11111 4 11011 
2   RID.249 18  111111011 23 1111110 
2   RID.250 32  0001 18 100000000 
2   RID.251 23  1111101 23 1100100 
2   RID.252 60  000 61 00 
2   RID.253 68  10 70 01 
2   RID.254 32  0000 11 0000011 
2   RID.255 30  11111 18 110011110 
2   RID.256 58  00010 64 0100 
2   RID.257 66  000 72 0 
2   RID.258 18  10010010 18 01111111 
2   RID.259 16  01 30 100000 
2   RID.260 69  0 70 01 
2   RID.261 71  1 68 10 
1   RID.262 70 01 
2   RID.263 71  1 67 101 
2   RID.264 9  010 18 001000000 
1   RID.265 70 01 
2   RID.266 70  10 63 00 
2   RID.267 70  01 69 10 
2   RID.268 28  11110 18 010111 
2   RID.269 69  0 72 1 
2   RID.270 68  10 70 01 
2   RID.271 68  00 73 011 
2   RID.272 24  000011 18 11000111 
2   RID.273 70  1 71 1 
2   RID.274 13  01111 18 110001110 
2   RID.275 27  00000 18 00000000 
2   RID.276 13  00011 20 1000000 
2   RID.277 12  000011 18 10000 
2   RID.278 70  0 70 01 
2   RID.279 70  00 61 00 
2   RID.280 72  1 67 00 
2   RID.281 61  10 55 01 
2   RID.282 63  011 61 10 
2   RID.283 18  0000 36 00100 
2   RID.284 70  11 68 10 
2   RID.285 57  00 60 001 
2   RID.286 68  10 70 00 
2   RID.287 70  01 71 1 
2   RID.288 27  10001 27 10111 
2   RID.289 63  11 57 1 
2   RID.290 21  100100 21 011111 
2   RID.291 22  00000000 18 00000 
2   RID.292 70  11 71 1 
2   RID.293 70  11 68 10 
2   RID.294 13  00011 20 1000000 
2   RID.295 30  000000 18 0000 
2   RID.296 45  0 46 01 
2   RID.297 69  0 71 1 
1   RID.298 69 11 
2   RID.299 27  11111 3 111111 
2   RID.300 68  00 70 0 
2   RID.301 61  01 64 1000 
2   RID.302 18  000000 18 000 
2   RID.303 32  0000 11 0000011 
2   RID.304 16  00 26 000000 
2   RID.305 18  00 20 0000000 
2   RID.306 22  000000 18 000000000 
2   RID.307 18  101010111 18 111100010 
2   RID.308 18  000000000 11 010 
2   RID.309 30  11111 20 1100100 
2   RID.310 18  00000 32 000000 
2   RID.311 18  000000 18 00000 
2   RID.312 61  000 67 000 
2   RID.313 70  0 70 01 
2   RID.314 63  0 69 11 
2   RID.315 24  0000000 18 00100 
2   RID.316 70  11 68 10 
2   RID.317 61  101 58 100 
2   RID.318 45  0 48 0010 
2   RID.319 18  000000 28 000000 
2   RID.320 18  00000000 33 00100 
2   RID.321 59  0011 59 1010 
2   RID.322 60  100 64 0100 
2   RID.323 18  00000 20 0000000 
2   RID.324 47  10 46 0 
2   RID.325 70  01 70 1 
2   RID.326 18  00000 13 00011 
2   RID.327 70  0 69 1 
2   RID.328 53  111 61 10 
2   RID.329 57  000 61 00 
2   RID.330 72  1 70 0 
2   RID.331 60  100 57 0 
2   RID.332 18  01111111 18 100100100 
2   RID.333 71  0 66 010 
2   RID.334 63  101 58 100 
2   RID.335 30  000000 18 000000000 
2   RID.336 27  10001 18 11110011 
2   RID.337 18  00000 30 000001 
2   RID.338 63  0 56 11 
2   RID.339 26  011110 26 010001 
2   RID.340 68  10 71 0 
1   RID.341 69 01 
2   RID.342 71  0 70 11 
2   RID.343 45  1 46 10 
2   RID.344 64  1100 58 011 
2   RID.345 18  010001 18 111111 
2   RID.346 18  000000000 27 00000 
2   RID.347 54  111 60 101 
2   RID.348 58  000 63 000 
2   RID.349 70  01 72 1 
2   RID.350 64  1100 61 000 
2   RID.351 16  01 27 10000 
2   RID.352 18  00100 18 00100 
2   RID.353 18  0000 2 0000000 
2   RID.354 63  0 61 00 
2   RID.355 18  0010000 11 000001 
2   RID.356 59  0000 61 00 
2   RID.357 63  0110 61 00 
2   RID.358 22  00000000 5 010110 
1   RID.359 46 00 
2   RID.360 60  100 57 0111 
2   RID.361 18  000 35 001000 
2   RID.362 61  10 53 011 
2   RID.363 60  001 57 10 
2   RID.364 16  00 26 000000 
2   RID.365 60  010 57 0 
2   RID.366 64  0000 61 01 
2   RID.367 18  00 2 000 
2   RID.368 18  00000 13 00011 
2   RID.369 67  00 72 0 
2   RID.370 54  111 59 1001 
2   RID.371 19  00000000 42 001 
1   RID.372 60 110 
2   RID.373 69  00 68 00 
2   RID.374 57  000 61 01 
2   RID.375 18  10101111 20 1100100 
2   RID.376 28  000101 18 10111111 
2   RID.377 12  100011 18 100000100 
2   RID.378 70  11 68 10 
2   RID.379 18  0010 22 00100100 
2   RID.380 69  01 71 1 
2   RID.381 18  001000000 18 0010 
2   RID.382 24  0101111 18 111100011 
2   RID.383 18  010001110 19 00001110 
2   RID.384 70  00 68 00 
2   RID.385 71  0 66 010 
2   RID.386 22  111100 22 001001 
2   RID.387 6  00100 18 000000000 
2   RID.388 63  01 53 110 
2   RID.389 22  000000 18 001000000 
2   RID.390 22  00000000 5 010110 
2   RID.391 61  011 58 100 
2   RID.392 67  00 70 01 
2   RID.393 58  11100 60 000 
2   RID.394 18  011101 13 11101 
2   RID.395 53  11 64 1000 
2   RID.396 18  00000000 27 00000 
2   RID.397 18  0000 11 0000011 
2   RID.398 56  0 61 100 
2   RID.399 13  01111 23 1000011 
2   RID.400 69  0 70 11 
2   RID.401 26  000000 18 0000 
2   RID.402 57  0 61 00 
2   RID.403 57  0 61 00 
2   RID.404 60  001 68 10 
2   RID.405 34  00001 18 100000000 
1   RID.406 68 00 
2   RID.407 18  0000 31 00001 
2   RID.408 23  1110111 2 1111011 
2   RID.409 57  10 63 001 
2   RID.410 63  1 58 100 
2   RID.411 63  00 61 00 
2   RID.412 27  10001 27 11011 
2   RID.413 26  000000 18 0000 
2   RID.414 30  10101 18 111111111 
2   RID.415 38  1001 23 1000000 
2   RID.416 27  00000 9 0001 
2   RID.417 56  1 63 1000 
2   RID.418 18  0000 22 00000000 
2   RID.419 67  010 70 01 
2   RID.420 55  11 60 110 
2   RID.421 12  000011 24 1000000 
2   RID.422 63  01 56 10 
2   RID.423 30  000000 16 00 
2   RID.424 59  1100 68 01 
