Number of Haplotypes 32
2   RID.0 24  00 13 0000 
2   RID.1 18  1010 22 0000 
2   RID.2 26  11110 15 01110 
2   RID.3 15  01110 25 0 
2   RID.4 18  0000 4 00000000 
2   RID.5 26  001 15 11110 
2   RID.6 20  100000 21 00000 
2   RID.7 11  001111 18 1000 
2   RID.8 19  010 25 0 
2   RID.9 22  1100 15 0111 
1   RID.10 15 10000 
2   RID.11 22  0100 18 0000 
2   RID.12 16  0000 15 00000 
2   RID.13 6  000000000 22 0100 
2   RID.14 17  0000 20 00010 
2   RID.15 18  1000 26 00101 
2   RID.16 17  1101 24 10 
2   RID.17 12  11000 2 0011 
2   RID.18 2  1101 22 1100 
2   RID.19 20  00010 20 000 
2   RID.20 31  10 11 001111 
2   RID.21 15  01110 25 0 
2   RID.22 15  01110 26 01110 
2   RID.23 15  00000 20 0001 
2   RID.24 3  000000 18 0000 
2   RID.25 20  10000 17 0110 
2   RID.26 9  001000 20 00000 
2   RID.27 20  000100 13 0000 
2   RID.28 18  1010 21 00000 
2   RID.29 20  1110 20 0001 
2   RID.30 20  0001 20 10010 
2   RID.31 20  110110 23 011 
2   RID.32 18  0000 24 00 
2   RID.33 24  00 12 00001 
2   RID.34 26  11110 15 01110 
2   RID.35 20  10000 15 01110 
2   RID.36 18  1010 2 00110 
1   RID.37 22 0100 
2   RID.38 25  0 15 0111 
2   RID.39 7  00000000 20 00010 
2   RID.40 22  0000 22 0000 
2   RID.41 15  00000 24 00 
2   RID.42 17  110 17 01000 
2   RID.43 20  001 26 101 
2   RID.44 22  1100 16 0110 
2   RID.45 20  00010 7 00000000 
2   RID.46 18  1110 9 000110 
2   RID.47 1  0 17 01010 
2   RID.48 4  00000000 25 0 
2   RID.49 20  100000 25 0 
2   RID.50 20  0001 25 1 
2   RID.51 12  01111 26 1 
1   RID.52 15  11110 
2   RID.53 18  1000 12 01111 
2   RID.54 18  1000 7 00000000 
2   RID.55 20  10000 22 0000 
2   RID.56 20  0011 3 11111011 
2   RID.57 13  1111 19 100 
2   RID.58 9  001000 24 00 
2   RID.59 13  0000 21 00100 
2   RID.60 15  011 20 100000 
2   RID.61 4  00000000 25 0 
2   RID.62 21  00000 11 000001 
2   RID.63 15  01110 25 0 
2   RID.64 21  00100 20 0001 
2   RID.65 7  00000000 22 0100 
2   RID.66 20  1000 15 01110 
2   RID.67 15  00000 26 00000 
2   RID.68 20  00010 15 00000 
2   RID.69 22  1111 6 1000001 
2   RID.70 4  000000000 16 0000 
2   RID.71 20  10000 21 00000 
2   RID.72 22  0100 19 0000 
2   RID.73 20  00010 25 0 
2   RID.74 24  00 20 00010 
2   RID.75 13  0001 20 10010 
2   RID.76 2  10100 17 0100 
2   RID.77 25  0 4 00000000 
2   RID.78 20  00110 6 01011001 
2   RID.79 18  0000 21 00100 
2   RID.80 22  1100 17 0100 
2   RID.81 6  0000001 25 1 
2   RID.82 25  0 18 1000 
2   RID.83 25  0 10 010000 
2   RID.84 18  1000 2 0101 
2   RID.85 7  10110011 20 101100 
2   RID.86 25  0 20 000100 
2   RID.87 2  1101 19 1001 
2   RID.88 26  000 14 0000 
2   RID.89 7  10110011 20 101100 
2   RID.90 6  0000000 26 0 
2   RID.91 26  00 20 00010 
