Number of Haplotypes 24
2   RID.0 11  000110 8 0010001 
2   RID.1 9  010001 9 1100011 
2   RID.2 5  1 7 1100000 
2   RID.3 17  000000 13 0000 
2   RID.4 23  01 15 10 
2   RID.5 13  0000 1 100 
2   RID.6 15  00 16 0 
2   RID.7 15  10 3 01 
2   RID.8 22  01 7 10101 
2   RID.9 6  10100 16 0 
2   RID.10 15  00 6 00100 
2   RID.11 15  00 21 00 
2   RID.12 9  0100011 12 10110 
2   RID.13 17  000000 13 0000 
2   RID.14 15  00 21 00 
2   RID.15 1  1000 17 0 
2   RID.16 1  1000 13 0000 
2   RID.17 23  01 12 10110 
2   RID.18 11  000000 6 001 
2   RID.19 17  100000 13 0000 
2   RID.20 17  00 7 0000 
2   RID.21 6  101 9 1000000 
2   RID.22 17  00 7 0000 
2   RID.23 9  000000 13 0000 
2   RID.24 17  111011 6 101 
2   RID.25 12  00000 6 001 
2   RID.26 15  10 9 0100011 
2   RID.27 17  00 3 00 
2   RID.28 11  111000 17 0000 
2   RID.29 7  1000 12 00000 
2   RID.30 5  00 15 00 
2   RID.31 1  01 7 1001000 
2   RID.32 11  000110 24 0 
2   RID.33 5  0 20 011 
2   RID.34 5  0 11 100000 
2   RID.35 10  000000 1 00 
2   RID.36 6  00001 11 100110 
2   RID.37 15  00 6 000 
2   RID.38 5  11 10 100000 
2   RID.39 9  0100011 7 1001 
2   RID.40 14  000 16 0 
2   RID.41 11  000110 21 010 
2   RID.42 17  00 6 01000 
2   RID.43 2  110 9 010001 
2   RID.44 9  1011100 13 0000 
2   RID.45 17  0 5 00 
2   RID.46 9  010001 9 1100011 
2   RID.47 15  00 13 0000 
2   RID.48 9  0000000 12 00000 
2   RID.49 5  11 18 10000 
2   RID.50 11  000110 8 0010001 
2   RID.51 11  000110 17 01 
2   RID.52 13  0000 17 000000 
2   RID.53 7  00010001 3 10 
2   RID.54 9  0000000 6 01000 
2   RID.55 11  000000 5 01 
2   RID.56 9  1011100 7 0010 
2   RID.57 9  010001 6 10001 
2   RID.58 10  000000 1 00 
2   RID.59 15  10 3 01 
2   RID.60 16  0 1 11 
2   RID.61 13  0000 1 100 
2   RID.62 5  1 1 1 
2   RID.63 15  00 6 00100 
2   RID.64 5  00 10 000000 
2   RID.65 17  00 7 0000 
2   RID.66 23  01 12 10110 
2   RID.67 11  000000 17 00000 
2   RID.68 13  0110 6 000 
2   RID.69 8  0010001 8 1010001 
2   RID.70 16  0 9 101110 
2   RID.71 15  00 14 000 
2   RID.72 13  0000 6 0100 
2   RID.73 2  000 9 000000 
