Number of Haplotypes 22
2   RID.0 4  00 15 00 
2   RID.1 10  0 11 0 
2   RID.2 10  1 14 011 
2   RID.3 16  00 6 00 
2   RID.4 18  1111 11 1 
2   RID.5 22  1 11 10 
2   RID.6 2  11 11 1 
2   RID.7 12  00000 5 01 
2   RID.8 11  0 18 1000 
2   RID.9 22  1 11 00 
2   RID.10 10  0 7 000 
2   RID.11 11  00 8 000 
2   RID.12 11  0 8 000 
2   RID.13 13  0000 11 0 
2   RID.14 10  0 10 0 
2   RID.15 10  1 11 011 
2   RID.16 6  10 11 00 
2   RID.17 11  000 14 000 
2   RID.18 9  11 12 11111 
2   RID.19 15  00 4 00 
2   RID.20 11  1 17 0 
2   RID.21 11  0 12 00000 
2   RID.22 17  00000 10 0 
2   RID.23 11  0 6 000 
2   RID.24 5  01 12 10000 
2   RID.25 9  11 14 111 
2   RID.26 10  1 12 11111 
2   RID.27 17  11 10 1 
2   RID.28 11  0 11 100 
2   RID.29 19  001 10 1 
2   RID.30 12  00000 10 0 
2   RID.31 6  100 11 0 
2   RID.32 10  0 11 0 
2   RID.33 10  0 12 00000 
2   RID.34 4  00 11 0 
2   RID.35 11  00 8 000 
2   RID.36 10  0 11 0 
2   RID.37 11  11 13 1111 
2   RID.38 11  11 8 11 
2   RID.39 11  11 13 1111 
2   RID.40 12  00000 11 0 
2   RID.41 17  00 11 000 
2   RID.42 11  1 11 0 
2   RID.43 12  00000 11 0 
2   RID.44 13  0000 10 0 
2   RID.45 11  000 9 00 
2   RID.46 12  0000 8 000 
2   RID.47 10  1 17 01 
2   RID.48 10  1 17 11 
2   RID.49 11  0 12 10000 
2   RID.50 8  00 11 0 
2   RID.51 11  111 12 11111 
2   RID.52 10  0 17 11011 
2   RID.53 4  00 11 00 
2   RID.54 11  1111 9 11 
2   RID.55 17  11 10 1 
2   RID.56 5  11 11 1 
2   RID.57 11  0000 11 000 
2   RID.58 12  00000 11 00 
2   RID.59 17  1 11 0 
2   RID.60 4  11 12 11111 
2   RID.61 6  100 11 0 
2   RID.62 8  000 11 000 
2   RID.63 11  000 17 00 
2   RID.64 12  00000 11 0 
2   RID.65 11  000 13 0000 
2   RID.66 4  00 11 0 
2   RID.67 8  000 1 1 
2   RID.68 10  0 17 00000 
2   RID.69 8  000 11 000 
2   RID.70 10  1 17 011 
2   RID.71 11  00 22 0 
2   RID.72 10  1 6 011 
2   RID.73 11  1 10 1 
2   RID.74 17  11 10 1 
2   RID.75 11  00 12 00000 
2   RID.76 11  1 13 0111 
2   RID.77 11  000 12 00000 
2   RID.78 13  0000 8 000 
2   RID.79 11  00 12 00000 
2   RID.80 11  11 10 1 
2   RID.81 10  0 10 1 
2   RID.82 11  0 11 1000 
2   RID.83 7  111 11 1 
2   RID.84 7  000 13 0000 
2   RID.85 14  111 11 1 
2   RID.86 19  000 11 0 
2   RID.87 8  11 11 111 
2   RID.88 11  00 17 00000 
2   RID.89 12  00000 11 0 
2   RID.90 8  000 11 0 
2   RID.91 9  11 12 11111 
2   RID.92 11  00000 11 0 
2   RID.93 11  0 10 0 
2   RID.94 11  0 10 0 
2   RID.95 12  00000 10 00 
2   RID.96 8  11 11 111 
2   RID.97 10  0 7 100 
2   RID.98 11  000 10 0 
1   RID.99 1 000 
2   RID.100 18  0000 11 000 
2   RID.101 10  1 11 0 
2   RID.102 11  000 9 00 
2   RID.103 2  0000 12 00000 
2   RID.104 10  0 7 000 
2   RID.105 9  00 11 000 
2   RID.106 10  0 13 0000 
