Number of Haplotypes 34
1   RID.0 4 1 
2   RID.1 4  0 5 1 
2   RID.2 24  0100 21 01001 
2   RID.3 4  1 6 1 
2   RID.4 8  0000 17 0000010 
2   RID.5 4  0 2 00 
1   RID.6 5 0 
2   RID.7 12  001001 18 1000010 
1   RID.8 4 0 
1   RID.9 4 0 
1   RID.10 6 0 
2   RID.11 8  0000 15 001100001 
1   RID.12 4  1 
2   RID.13 29  1111 18 1000100 
2   RID.14 5  0 5 0 
2   RID.15 9  0000 24 0100 
2   RID.16 6  0 5 0 
2   RID.17 5  00 2 00 
2   RID.18 24  00011 8 100 
2   RID.19 21  000011 17 1010000 
1   RID.20 3  00 
1   RID.21 2  1 
2   RID.22 15  11000001 12 1101111 
1   RID.23 5  1 
1   RID.24 3  01 
2   RID.25 13  010011 21 101000 
1   RID.26 5 0 
1   RID.27 4 0 
2   RID.28 5  00 4 0 
2   RID.29 5  1 2 00 
1   RID.30 5  0 
2   RID.31 15  000010000 25 01110 
2   RID.32 18  001100 33 01 
2   RID.33 21  010010 11 00110 
2   RID.34 24  1100 18 001100 
1   RID.35 5  0 
2   RID.36 28  00000 13 01001100 
2   RID.37 5  0 4 0 
2   RID.38 5  01 4 1 
1   RID.39 17 1100001 
2   RID.40 5  0 4 1 
1   RID.41 6 1 
2   RID.42 5  00 4 0 
2   RID.43 25  10011 8 1000 
2   RID.44 12  1000000 13 00000001 
1   RID.45 5 1 
2   RID.46 5  00 4 0 
2   RID.47 13  01001100 24 00011 
2   RID.48 3  1 5 1 
1   RID.49 5 1 
1   RID.50 4 1 
2   RID.51 9  011011 17 1000010 
2   RID.52 8  0000 13 00000010 
2   RID.53 12  0000000 33 01 
2   RID.54 9  10010 27 01011 
2   RID.55 6  0 4 1 
2   RID.56 5  1 2 1 
2   RID.57 21  001000 15 001100 
2   RID.58 33  11 13 10000001 
2   RID.59 12  100000 32 01 
1   RID.60 5  0 
2   RID.61 12  01111 21 100011 
2   RID.62 33  1 16 10001100 
2   RID.63 9  011011 21 110010 
2   RID.64 9  000001 25 10111 
1   RID.65 2  10 
2   RID.66 12  100000 32 01 
1   RID.67 5 1 
1   RID.68 2 10 
1   RID.69 3 01 
1   RID.70 2  01 
2   RID.71 8  000 31 01 
1   RID.72 2 1 
1   RID.73 3 11 
2   RID.74 28  1110 15 01011011 
2   RID.75 13  00000010 18 0100000 
2   RID.76 7  1 15 000001100 
1   RID.77 3  11 
2   RID.78 14  0000010 31 01 
2   RID.79 4  1 5 1 
1   RID.80 4 1 
2   RID.81 33  0 16 10000010 
2   RID.82 12  1000000 8 0000 
2   RID.83 7  1 13 00111110 
1   RID.84 5  0 
1   RID.85 6 0 
1   RID.86 4  1 
2   RID.87 9  0001 24 1100 
2   RID.88 15  110000010 24 01001 
2   RID.89 24  0100 12 01100 
1   RID.90 3 0 
2   RID.91 9  0111 15 10111011 
2   RID.92 4  1 5 10 
1   RID.93 5 0 
2   RID.94 3  01 5 10 
1   RID.95 4  0 
1   RID.96 4 0 
1   RID.97 2  00 
1   RID.98 5 0 
2   RID.99 23  00111 17 1010000 
1   RID.100 2  01 
2   RID.101 9  0000 14 0111110 
2   RID.102 13  00000001 12 1000000 
1   RID.103 5 0 
2   RID.104 15  000001100 21 000110 
2   RID.105 21  001000 15 001100001 
1   RID.106 5  0 
1   RID.107 3  01 
2   RID.108 13  01001100 9 000001 
2   RID.109 3  01 5 10 
2   RID.110 7  00 15 000010000 
1   RID.111 3 0 
1   RID.112 6  0 
2   RID.113 12  001001 17 1100001 
2   RID.114 3  0 5 10 
2   RID.115 4  1 5 0 
1   RID.116 3  01 
2   RID.117 15  001100001 23 10001 
1   RID.118 6  0 
1   RID.119 5 1 
2   RID.120 12  001001 17 1100001 
1   RID.121 4  1 
1   RID.122 5  0 
2   RID.123 6  1 4 1 
2   RID.124 10  00001 17 1100001 
1   RID.125 5 1 
1   RID.126 3  01 
2   RID.127 27  01011 8 1000 
2   RID.128 5  1 2 00 
1   RID.129 5 0 
2   RID.130 24  1100 13 0000000 
1   RID.131 2 00 
2   RID.132 12  1000000 15 000001100 
1   RID.133 5  0 
2   RID.134 21  00001 23 10111 
2   RID.135 12  0101111 21 110010 
2   RID.136 15  001100 21 001000 
1   RID.137 5  10 
1   RID.138 4 0 
2   RID.139 5  0 3 01 
2   RID.140 4  1 4 1 
2   RID.141 4  1 5 10 
1   RID.142 3  0 
2   RID.143 9  01101 16 10000010 
2   RID.144 12  0010011 21 10100 
1   RID.145 4 0 
2   RID.146 8  0000 17 0000010 
2   RID.147 3  0 5 00 
1   RID.148 2  10 
1   RID.149 4 0 
1   RID.150 5  0 
2   RID.151 8  1000 15 000001100 
1   RID.152 5 0 
1   RID.153 3  0 
2   RID.154 12  01111 21 100110 
1   RID.155 2 00 
2   RID.156 19  000010 24 0001 
2   RID.157 5  0 5 11 
2   RID.158 5  0 5 10 
2   RID.159 21  10011 30 101 
2   RID.160 28  11101 15 100001100 
1   RID.161 2 00 
2   RID.162 32  1 12 01111 
2   RID.163 21  001000 8 0000 
1   RID.164 4  1 
2   RID.165 6  0 4 0 
2   RID.166 19  000100 15 01001101 
2   RID.167 15  001100001 8 1000 
1   RID.168 3  0 
1   RID.169 5  0 
2   RID.170 5  0 7 01 
2   RID.171 4  1 4 1 
2   RID.172 24  0001 11 10010 
1   RID.173 3 0 
1   RID.174 1  1 
2   RID.175 13  000000 25 01110 
2   RID.176 1  1 5 00 
2   RID.177 4  1 5 0 
1   RID.178 4 0 
2   RID.179 4  1 3 01 
2   RID.180 13  00000001 21 100110 
2   RID.181 5  1 5 0 
2   RID.182 21  001000 15 001100 
2   RID.183 12  01111 25 10010 
2   RID.184 9  000001 25 10111 
2   RID.185 13  00000010 19 000000 
1   RID.186 5  00 
2   RID.187 13  00000001 11 10111 
2   RID.188 9  000001 19 100010 
2   RID.189 3  01 3 1 
1   RID.190 6  0 
1   RID.191 5 10 
1   RID.192 4 0 
1   RID.193 3 01 
2   RID.194 8  0000 16 00010000 
2   RID.195 5  00 5 0 
1   RID.196 17 0010000 
2   RID.197 4  1 5 0 
2   RID.198 5  10 2 0 
1   RID.199 5  0 
2   RID.200 5  0 5 00 
1   RID.201 5  00 
2   RID.202 15  11100101 9 111011 
1   RID.203 3 1 
2   RID.204 5  1 5 1 
2   RID.205 25  10011 19 100100 
2   RID.206 15  0000011 12 100000 
2   RID.207 8  0000 24 0000 
1   RID.208 2  00 
2   RID.209 3  01 5 11 
2   RID.210 24  01001 11 10110 
2   RID.211 28  00000 13 01001100 
2   RID.212 32  1 15 01101101 
1   RID.213 21  00001 
2   RID.214 27  11011 17 1010000 
2   RID.215 3  00 5 00 
2   RID.216 24  0111 12 1000000 
2   RID.217 9  111011 24 1111 
1   RID.218 4  1 
1   RID.219 6 1 
2   RID.220 5  0 4 1 
2   RID.221 18  001100 21 000110 
2   RID.222 3  0 5 0 
1   RID.223 2 00 
2   RID.224 5  0 3 0 
2   RID.225 24  0100 9 011011 
1   RID.226 4 1 
2   RID.227 15  000010000 24 0111 
1   RID.228 5  0 
2   RID.229 24  0111 9 111011 
2   RID.230 7  11 15 101100001 
2   RID.231 7  1 16 10000010 
2   RID.232 13  10111110 9 0000 
2   RID.233 4  1 5 00 
2   RID.234 25  10010 9 0001 
2   RID.235 17  0001100 32 0 
1   RID.236 5  0 
2   RID.237 21  100110 9 0110 
1   RID.238 3 01 
2   RID.239 4  1 5 1 
2   RID.240 4  1 4 1 
2   RID.241 34  0 15 11000001 
2   RID.242 5  0 5 1 
2   RID.243 5  10 5 0 
1   RID.244 6  1 
1   RID.245 2 00 
2   RID.246 17  1100001 18 1000010 
1   RID.247 4 0 
2   RID.248 34  1 9 0110 
1   RID.249 2 00 
2   RID.250 8  10 16 01100001 
1   RID.251 6  1 
2   RID.252 28  00000 20 000100 
2   RID.253 15  001100001 26 111111 
1   RID.254 3  11 
2   RID.255 15  000010000 9 0000 
2   RID.256 20  000100 27 01011 
1   RID.257 4  0 
2   RID.258 5  0 6 1 
2   RID.259 4  0 5 1 
2   RID.260 4  1 5 10 
2   RID.261 5  01 2 10 
2   RID.262 24  11001 13 10000001 
1   RID.263 5  0 
2   RID.264 29  1101 8 1000 
1   RID.265 5 01 
2   RID.266 33  10 9 000001 
1   RID.267 2 1 
2   RID.268 21  00100 14 0001100 
2   RID.269 15  000001100 8 0000 
2   RID.270 18  0011001 12 11111 
2   RID.271 3  01 5 10 
1   RID.272 2 00 
2   RID.273 16  00010000 8 0000 
2   RID.274 12  1000000 8 0000 
2   RID.275 9  000 24 01001 
1   RID.276 3 11 
1   RID.277 1 1 
2   RID.278 9  000001 15 10110000 
2   RID.279 13  11001101 25 10010 
2   RID.280 12  001001 15 101100001 
2   RID.281 13  10111110 25 00011 
2   RID.282 15  00111010 15 01100101 
2   RID.283 13  10111110 25 00011 
2   RID.284 24  0100 18 000010 
2   RID.285 5  00 5 0 
1   RID.286 5 0 
1   RID.287 5 01 
1   RID.288 3  00 
2   RID.289 4  0 5 0 
1   RID.290 4  1 
2   RID.291 4  1 5 00 
2   RID.292 5  00 2 00 
1   RID.293 5  00 
1   RID.294 2 00 
1   RID.295 5 00 
1   RID.296 3  0 
2   RID.297 17  0010000 33 01 
2   RID.298 16  01100001 21 10100 
1   RID.299 2  0 
1   RID.300 6 0 
2   RID.301 3  11 5 1 
1   RID.302 3 1 
2   RID.303 5  00 3 01 
2   RID.304 9  0111 15 10111011 
1   RID.305 2  0 
1   RID.306 6 1 
2   RID.307 5  0 5 10 
1   RID.308 5 0 
2   RID.309 17  0010000 30 011 
2   RID.310 7  01 13 10000001 
2   RID.311 21  00001 27 11011 
2   RID.312 24  0001 9 100001 
2   RID.313 12  0101111 15 11000001 
2   RID.314 13  01001100 24 00011 
1   RID.315 6 1 
1   RID.316 3  11 
2   RID.317 5  0 2 10 
1   RID.318 2  0 
2   RID.319 12  001001 32 1 
1   RID.320 3 11 
2   RID.321 24  1100 18 001100 
1   RID.322 2  01 
2   RID.323 12  100000 32 01 
