157
22
2   RID.0 10  00010 15 0111 
2   RID.1 11  00000 15 0000 
2   RID.2 9  1000 15 0111 
2   RID.3 11  00100 8 0 
2   RID.4 10  00010 8 0100 
2   RID.5 7  1 13 000111 
1   RID.6 9  1000 
2   RID.7 13  000000 8 0 
2   RID.8 11  11100 19 010 
2   RID.9 10  10000 8 001 
2   RID.10 2  0000 16 000 
2   RID.11 11  01100 8 001 
2   RID.12 13  100111 8 101 
2   RID.13 11  00100 9 0000 
2   RID.14 7  1 10 00010 
2   RID.15 8  10 11 00100 
2   RID.16 1  11 8 1101 
2   RID.17 19  1111 8 1100 
2   RID.18 10  00010 8 0100 
2   RID.19 10  01010 18 011 
2   RID.20 9  1000 1 1 
2   RID.21 16  111 10 10010 
2   RID.22 21  11 10 11010 
2   RID.23 9  1000 22 0 
2   RID.24 17  1111 9 1000 
2   RID.25 8  111 4 1011 
2   RID.26 8  00100 16 000 
2   RID.27 10  10000 8 001 
2   RID.28 11  001001 10 10010 
2   RID.29 16  111 8 1100 
2   RID.30 8  101 15 1111 
2   RID.31 10  00010 19 01 
2   RID.32 15  0111 8 101 
2   RID.33 8  010 12 010011 
2   RID.34 13  000111 8 10 
2   RID.35 8  0010 15 0000 
2   RID.36 11  00000 6 00 
2   RID.37 11  11111 8 111 
2   RID.38 8  101 16 111 
2   RID.39 11  10100 8 01010 
2   RID.40 7  0 13 000000 
2   RID.41 13  000111 8 10 
2   RID.42 17  1111 9 1000 
2   RID.43 10  01010 11 01001 
2   RID.44 8  101 11 11100 
2   RID.45 8  010 13 001111 
2   RID.46 16  111 8 1100 
2   RID.47 8  10 16 011 
2   RID.48 9  1000 6 01 
2   RID.49 8  1 19 11 
2   RID.50 19  1101 8 110 
2   RID.51 2  1111 11 10100 
2   RID.52 11  00000 10 00000 
2   RID.53 11  00100 16 011 
2   RID.54 2  1111 11 10100 
2   RID.55 18  000 10 00000 
2   RID.56 17  1111 11 10100 
2   RID.57 8  101 13 100111 
2   RID.58 8  1 8 1100 
2   RID.59 11  000000 9 0100 
2   RID.60 16  111 2 111011 
2   RID.61 10  00010 7 0 
2   RID.62 1  0000 11 00000 
2   RID.63 13  000111 8 10 
2   RID.64 1  11 8 101 
2   RID.65 9  0100 13 000000 
2   RID.66 21  00 8 0 
2   RID.67 9  0100 2 0000 
2   RID.68 8  00100 13 000000 
2   RID.69 13  100111 8 1 
2   RID.70 11  10100 8 010 
2   RID.71 17  0000 6 00 
2   RID.72 8  10 8 0101 
2   RID.73 16  111 8 101 
2   RID.74 17  000 9 0100 
2   RID.75 5  000 11 00000 
2   RID.76 8  0100 16 011 
2   RID.77 8  1100 16 011 
2   RID.78 8  11000 19 010 
2   RID.79 8  10 13 000111 
1   RID.80 9 1000 
2   RID.81 8  1100 8 010 
2   RID.82 11  00100 9 0000 
2   RID.83 9  0100 15 0000 
2   RID.84 15  0000 8 00 
2   RID.85 5  111 10 10110 
2   RID.86 17  111 8 1 
2   RID.87 12  110011 10 10110 
2   RID.88 10  10000 13 000000 
2   RID.89 8  001 2 1000 
2   RID.90 8  001 13 100000 
2   RID.91 8  101 9 1001 
2   RID.92 17  1111 9 1000 
2   RID.93 21  11 8 101 
2   RID.94 11  10100 8 00 
2   RID.95 8  110 13 000111 
2   RID.96 22  0 10 10010 
2   RID.97 11  10100 8 01010 
2   RID.98 20  000 11 00000 
2   RID.99 13  000111 11 10100 
2   RID.100 11  00000 16 000 
1   RID.101 10  00110 
2   RID.102 11  11011 8 10 
2   RID.103 9  1000 2 011011 
2   RID.104 13  100101 6 11 
2   RID.105 11  11100 6 01 
2   RID.106 10  00010 15 0111 
2   RID.107 6  11 8 110 
2   RID.108 8  101 13 100111 
1   RID.109 8  111 
2   RID.110 5  011 8 1100 
1   RID.111 15 0111 
1   RID.112 11 11001 
2   RID.113 8  00100 6 00 
2   RID.114 9  10101 8 101 
2   RID.115 9  1010 10 01010 
2   RID.116 9  0100 11 00000 
2   RID.117 8  001 5 100 
2   RID.118 10  10000 12 000000 
2   RID.119 10  00110 15 0111 
2   RID.120 5  111 10 10110 
2   RID.121 10  10000 10 00000 
2   RID.122 8  010 21 01 
2   RID.123 11  11100 8 00 
2   RID.124 9  1000 13 000111 
2   RID.125 13  000111 9 1000 
2   RID.126 11  01100 8 00 
2   RID.127 6  11 12 11001 
2   RID.128 19  1101 8 11001 
2   RID.129 8  001 8 1010 
2   RID.130 11  00000 6 00 
2   RID.131 9  1001 19 110 
2   RID.132 10  00110 19 0101 
2   RID.133 21  00 8 0010 
2   RID.134 12  010011 2 1111 
2   RID.135 11  000000 9 0100 
2   RID.136 13  100111 6 11 
2   RID.137 13  100111 8 110 
2   RID.138 15  0111 10 10010 
2   RID.139 11  01100 15 0111 
2   RID.140 13  000000 8 00 
2   RID.141 10  00110 2 01111 
2   RID.142 8  010 12 010011 
2   RID.143 8  101 9 1000 
2   RID.144 1  11 8 101 
2   RID.145 8  1 9 1001 
2   RID.146 10  00110 16 011 
2   RID.147 12  010011 8 101 
2   RID.148 13  000000 8 0 
2   RID.149 9  1001 8 101 
2   RID.150 13  000111 8 101 
2   RID.151 9  0100 8 001 
2   RID.152 13  000111 8 101 
2   RID.153 13  100111 5 111 
2   RID.154 11  01100 9 0001 
2   RID.155 10  01010 8 011 
2   RID.156 11  01100 10 00110 
