Number of Haplotypes 20
2   RID.0 16  0 8 01010 
2   RID.1 13  00 11 010 
2   RID.2 16  0 8 010 
2   RID.3 9  1000 13 00 
2   RID.4 9  1010 17 0 
2   RID.5 15  01 13 10 
2   RID.6 11  00 4 0011 
2   RID.7 11  101 7 1 
2   RID.8 9  0000 8 0000 
2   RID.9 9  0101 4 1000 
2   RID.10 14  000 8 0010 
2   RID.11 13  00 15 00 
2   RID.12 5  000 11 010 
2   RID.13 16  0 14 011 
2   RID.14 14  111 11 101 
2   RID.15 8  110 11 001 
2   RID.16 12  00 8 0000 
2   RID.17 11  010 13 00 
2   RID.18 14  101 9 1010 
2   RID.19 8  11010 14 011 
2   RID.20 9  0000 13 000 
2   RID.21 14  10 12 00 
1   RID.22 11 010 
2   RID.23 8  11111 17 101 
2   RID.24 8  0000 15 01 
2   RID.25 14  110 3 0111 
2   RID.26 2  01 8 1111 
2   RID.27 15  01 13 100 
2   RID.28 7  0 16 0 
2   RID.29 13  00 8 001 
2   RID.30 8  001 7 1 
2   RID.31 4  0100 9 0000 
2   RID.32 8  00101 13 10 
2   RID.33 4  0000 16 0 
2   RID.34 14  001 9 1000 
2   RID.35 9  1000 17 0 
2   RID.36 8  110 17 01 
2   RID.37 15  01 13 10 
2   RID.38 12  00 16 0 
2   RID.39 12  01 12 10 
2   RID.40 14  001 8 100 
2   RID.41 8  0010 11 010 
2   RID.42 8  0 8 0000 
2   RID.43 8  11110 4 0011 
2   RID.44 2  11 9 1000 
2   RID.45 14  000 14 000 
2   RID.46 8  0010 17 00 
2   RID.47 2  11 13 10 
2   RID.48 5  000 8 011 
2   RID.49 9  0000 9 0000 
2   RID.50 4  0000 16 0 
2   RID.51 17  01 2 100 
2   RID.52 19  01 19 10 
2   RID.53 4  0000 13 00 
1   RID.54 9  0000 
2   RID.55 13  00 16 0 
2   RID.56 2  01 8 11110 
2   RID.57 4  0011 19 11 
2   RID.58 2  011 9 1010 
2   RID.59 17  1 12 01 
2   RID.60 11  00 8 00010 
2   RID.61 18  010 8 00000 
2   RID.62 8  00101 8 10101 
1   RID.63 8  0 
2   RID.64 7  0 4 1110 
2   RID.65 9  0101 4 1000 
2   RID.66 9  0101 17 11 
2   RID.67 11  01 17 1 
2   RID.68 8  011 14 110 
2   RID.69 15  00 8 011 
2   RID.70 8  0000 8 0111 
2   RID.71 9  1000 14 000 
2   RID.72 13  000 15 01 
2   RID.73 7  0 8 101 
2   RID.74 16  0 8 11110 
2   RID.75 8  1101 8 110 
1   RID.76 8  0 
2   RID.77 8  0010 7 0 
2   RID.78 13  00 9 0000 
2   RID.79 8  1111 8 111 
2   RID.80 8  0000 4 0100 
2   RID.81 9  0101 8 111 
2   RID.82 9  0000 14 001 
2   RID.83 17  1 9 1010 
2   RID.84 3  1111 8 110 
2   RID.85 4  0100 8 0000 
2   RID.86 8  100 2 0 
2   RID.87 13  00 12 00 
2   RID.88 8  111 4 1000 
2   RID.89 1  1 8 00101 
2   RID.90 17  10 14 011 
2   RID.91 14  10 8 00000 
2   RID.92 6  00 8 011 
2   RID.93 9  0000 8 0000 
2   RID.94 8  001 8 10101 
2   RID.95 8  110 8 001 
2   RID.96 6  00 13 00 
2   RID.97 13  00 12 00 
2   RID.98 14  001 9 1000 
2   RID.99 3  1111 11 101 
2   RID.100 13  000 8 0 
1   RID.101 8  0 
2   RID.102 13  00 14 000 
2   RID.103 2  11 8 100 
2   RID.104 7  0 8 010 
2   RID.105 8  0010 6 00 
2   RID.106 8  00000 17 00 
2   RID.107 9  1010 2 0111 
2   RID.108 8  1111 8 110 
2   RID.109 1  1 8 0111 
2   RID.110 11  000 13 00 
2   RID.111 8  001 4 1000 
2   RID.112 8  0010 9 0101 
1   RID.113 14 111 
2   RID.114 2  11 8 1 
2   RID.115 8  001 8 10101 
2   RID.116 13  000 14 00 
1   RID.117 7  0 
2   RID.118 13  00 12 00 
2   RID.119 2  01 9 1010 
1   RID.120 11 000 
2   RID.121 14  000 11 000 
2   RID.122 8  000 4 0100 
2   RID.123 8  00000 2 01 
2   RID.124 14  110 8 0101 
2   RID.125 13  00 4 0110 
2   RID.126 8  0110 14 000 
2   RID.127 17  11 9 1101 
2   RID.128 17  01 11 110 
1   RID.129 8  00000 
2   RID.130 8  0000 2 01 
2   RID.131 2  01 9 1010 
2   RID.132 4  1000 11 001 
2   RID.133 9  1000 1 0 
2   RID.134 9  0000 18 010 
2   RID.135 11  000 13 00 
2   RID.136 8  0010 13 0 
2   RID.137 19  10 13 0 
2   RID.138 9  1010 17 0 
2   RID.139 15  00 4 0011 
2   RID.140 4  0011 8 10111 
2   RID.141 8  11010 9 0010 
2   RID.142 14  000 8 00101 
2   RID.143 17  00 8 00000 
2   RID.144 2  01 13 11 
2   RID.145 8  0010 16 0 
2   RID.146 4  0100 9 0000 
2   RID.147 13  00 13 01 
2   RID.148 4  0100 8 00000 
2   RID.149 11  000 13 000 
2   RID.150 8  001 2 10000 
2   RID.151 2  00 9 0101 
2   RID.152 13  000 8 00000 
2   RID.153 14  000 8 0010 
2   RID.154 4  1110 14 010 
2   RID.155 13  00 4 0110 
2   RID.156 9  1010 14 010 
2   RID.157 8  001 8 10101 
2   RID.158 12  00 17 000 
2   RID.159 8  000 9 0000 
2   RID.160 2  00 13 000 
2   RID.161 8  11010 9 0010 
2   RID.162 7  0 18 010 
2   RID.163 8  0 9 0000 
2   RID.164 17  10 13 000 
2   RID.165 12  00 13 000 
2   RID.166 13  00 13 000 
2   RID.167 8  00000 2 01 
2   RID.168 12  01 16 1 
2   RID.169 17  001 9 1000 
2   RID.170 4  0000 8 00101 
2   RID.171 11  000 17 00 
2   RID.172 8  111 2 1100 
