159
26
2   RID.0 13  10 11 00 
2   RID.1 6  010000 13 0001 
2   RID.2 14  1001010 6 001010 
2   RID.3 6  11111 12 1 
1   RID.4 13  0 
2   RID.5 6  1 12 1 
2   RID.6 14  0110100 13 00 
2   RID.7 6  1 11 00 
2   RID.8 24  10 11 00 
2   RID.9 1  111 11 10 
2   RID.10 8  00011 12 1 
2   RID.11 6  0010 7 010101 
2   RID.12 7  100000 11 00 
2   RID.13 13  0 11 00 
2   RID.14 6  10010 13 00 
2   RID.15 14  01001000 6 0 
2   RID.16 15  10010001 7 101000 
2   RID.17 2  0100 7 000000 
2   RID.18 13  0 21 000 
2   RID.19 12  1 7 000011 
2   RID.20 11  00 13 00010 
2   RID.21 12  1 11 01 
2   RID.22 13  1 17 110001 
1   RID.23 11 10 
2   RID.24 11  00 7 000000 
2   RID.25 17  000110 6 010000 
2   RID.26 14  010010001 6 100100 
2   RID.27 11  00 13 0010 
2   RID.28 15  10010001 7 101000 
1   RID.29 12  0 
2   RID.30 4  10 23 011 
2   RID.31 13  11 6 111 
2   RID.32 18  100011 11 10 
2   RID.33 11  00 11 00 
2   RID.34 7  010101 11 10 
2   RID.35 12  0 24 00 
2   RID.36 12  0 12 0 
2   RID.37 13  0011 4 10 
1   RID.38 13  00010 
2   RID.39 14  0010001 11 10 
2   RID.40 13  0 24 01 
2   RID.41 11  00 14 0010001 
2   RID.42 11  00 13 001 
2   RID.43 11  00 9 0000 
2   RID.44 11  11 13 1010 
2   RID.45 13  00 7 000000 
2   RID.46 6  00101 13 1 
2   RID.47 12  0 6 1 
1   RID.48 12  0 
2   RID.49 12  0 24 10 
2   RID.50 1  11000 7 000011 
2   RID.51 13  0 23 101 
1   RID.52 12  0 
2   RID.53 6  11111 12 1 
2   RID.54 12  1 6 111111 
2   RID.55 23  001 12 1 
2   RID.56 1  111 7 101000 
2   RID.57 13  1010 11 00 
2   RID.58 12  0 6 00101 
2   RID.59 13  101001 12 1 
2   RID.60 2  1000 20 0001 
2   RID.61 7  001000 15 00010001 
2   RID.62 12  0 7 111100 
2   RID.63 12  0 6 01000 
2   RID.64 11  00 6 01000 
2   RID.65 11  10 21 011 
2   RID.66 7  010101 1 1 
2   RID.67 13  00101 12 1 
2   RID.68 15  10010001 7 101000 
2   RID.69 4  10 11 01 
1   RID.70 11  11 
2   RID.71 13  1 13 10 
2   RID.72 13  1 13 00 
2   RID.73 13  101 6 1001 
1   RID.74 13  00 
2   RID.75 11  00 1 10011 
2   RID.76 12  0 6 10101 
2   RID.77 6  00101 13 1111 
2   RID.78 12  0 11 11 
2   RID.79 13  00101 12 1 
2   RID.80 12  0 11 11 
2   RID.81 12  0 13 1001 
2   RID.82 23  111 11 11 
1   RID.83 11 11 
2   RID.84 13  00 11 00 
2   RID.85 12  0 13 01 
2   RID.86 4  10 13 01 
2   RID.87 13  1 24 10 
2   RID.88 11  11 3 100 
2   RID.89 6  0 12 0 
2   RID.90 12  1 17 0000001 
2   RID.91 13  00 11 01 
2   RID.92 13  0010110 13 00 
2   RID.93 6  111 7 110101 
2   RID.94 17  101011 7 110101 
2   RID.95 13  00 16 0000110 
2   RID.96 4  00 12 0 
2   RID.97 21  111 11 10 
2   RID.98 7  000011 13 1010 
2   RID.99 13  001 12 1 
1   RID.100 21  100 
2   RID.101 12  1 12 0 
2   RID.102 16  1000110 4 00 
2   RID.103 17  010001 13 1 
2   RID.104 6  00101 11 11 
2   RID.105 13  00 12 0 
1   RID.106 13 001 
2   RID.107 12  1 6 111110 
2   RID.108 15  00000000 7 000011 
2   RID.109 11  11 13 1010 
2   RID.110 12  0 12 0 
2   RID.111 12  1 13 0 
2   RID.112 6  10010 13 001001 
2   RID.113 11  01 15 10101011 
2   RID.114 12  0 17 1010111 
2   RID.115 11  00 12 0 
2   RID.116 11  00 6 011 
2   RID.117 11  00 23 001 
1   RID.118 11  11 
2   RID.119 13  0001 11 10 
2   RID.120 12  0 6 001 
2   RID.121 6  01000 17 0001100 
2   RID.122 7  100000 11 00 
2   RID.123 13  0 19 01100 
2   RID.124 13  00101101 6 1 
2   RID.125 14  0100100 7 001000 
2   RID.126 13  0010110 11 01 
2   RID.127 15  11111101 7 110101 
2   RID.128 13  10100100 13 0 
2   RID.129 13  1111 13 1 
2   RID.130 12  0 13 10100100 
2   RID.131 13  10 6 0 
2   RID.132 26  1 13 0 
2   RID.133 17  000110 6 010000 
2   RID.134 12  0 6 001 
2   RID.135 5  1 14 11001000 
2   RID.136 12  0 2 0011 
2   RID.137 12  0 6 10101 
2   RID.138 12  0 6 11000 
2   RID.139 13  11 12 1 
2   RID.140 12  0 23 100 
2   RID.141 3  000 13 0 
2   RID.142 15  00000000 7 000011 
2   RID.143 11  01 13 10 
2   RID.144 13  1111110 12 0 
2   RID.145 14  10010101 13 1 
2   RID.146 4  00 11 00 
2   RID.147 12  1 7 000011 
2   RID.148 7  010101 13 111111 
2   RID.149 6  01000 15 01000110 
2   RID.150 13  10 23 011 
2   RID.151 7  110101 15 11111101 
2   RID.152 2  0100 7 000000 
2   RID.153 12  0 13 00010001 
2   RID.154 1  01 11 10 
2   RID.155 12  0 7 010101 
2   RID.156 11  00 21 000 
2   RID.157 13  0 13 0010 
1   RID.158 12  0 
