187
26
2   RID.0 12  0 13 011111 
2   RID.1 18  0000 12 0 
2   RID.2 6  011000 14 001001 
2   RID.3 12  0 19 100 
2   RID.4 12  0 24 01 
2   RID.5 14  010000 12 0 
2   RID.6 22  000 11 00 
2   RID.7 8  0000 13 000000 
2   RID.8 12  00 19 000 
2   RID.9 12  0 6 000101 
2   RID.10 19  000 1 100 
2   RID.11 21  0000 11 00 
2   RID.12 17  0000 12 00 
2   RID.13 12  0011 1 00 
2   RID.14 12  00 1 10 
2   RID.15 8  0000 13 000000 
2   RID.16 13  000000 3 00010000 
2   RID.17 4  0000000 13 01111 
1   RID.18 26  0 
2   RID.19 21  000 9 010 
2   RID.20 14  000100 11 0 
2   RID.21 12  0011 16 10010 
2   RID.22 13  111111 5 1000000 
2   RID.23 12  0011 21 101 
2   RID.24 19  000 11 0 
2   RID.25 12  0011 12 1 
2   RID.26 13  111101 26 1 
2   RID.27 12  00 3 00000010 
2   RID.28 17  0000 12 00 
2   RID.29 3  0000100 22 000 
2   RID.30 12  00111 19 100 
1   RID.31 12 0011 
2   RID.32 16  00100 12 0011 
2   RID.33 22  010 12 0011 
2   RID.34 12  0011 18 1000 
2   RID.35 12  0 10 00 
2   RID.36 8  0101 14 110000 
2   RID.37 19  100 12 0011 
2   RID.38 11  00 14 000010 
2   RID.39 19  000 1 10 
2   RID.40 21  0010 12 00111 
2   RID.41 12  0011 5 1000101 
2   RID.42 8  1000 12 0011 
2   RID.43 11  1 18 1000 
2   RID.44 12  1011 12 1 
2   RID.45 14  000010 12 0 
2   RID.46 12  00111 11 1 
2   RID.47 10  00 13 01111 
2   RID.48 12  00 17 00100 
2   RID.49 12  0 24 01 
2   RID.50 1  0 11 1 
2   RID.51 20  00 12 0 
2   RID.52 19  100 11 0 
2   RID.53 12  0 12 0011 
2   RID.54 1  01 12 10 
2   RID.55 21  000 11 0 
2   RID.56 11  00 16 00001 
2   RID.57 18  0000 6 000101 
2   RID.58 12  00111 6 100101 
2   RID.59 12  1011 11 1 
2   RID.60 3  00000000 22 010 
2   RID.61 12  00 22 000 
2   RID.62 13  000000 2 000 
2   RID.63 12  0 13 000000 
2   RID.64 19  000 12 001 
2   RID.65 5  0000000 16 00000 
2   RID.66 12  001111 12 1 
2   RID.67 12  0 19 100 
2   RID.68 11  00 12 0011 
2   RID.69 12  001 21 1000 
2   RID.70 18  0010 12 0 
2   RID.71 12  0011 13 111111 
2   RID.72 1  10 12 00 
2   RID.73 18  1000 12 0 
2   RID.74 17  0001 4 1100001 
2   RID.75 1  10 12 00 
2   RID.76 18  1000 12 0 
2   RID.77 13  000000 12 0011 
2   RID.78 1  100 19 000 
2   RID.79 11  1 12 0 
2   RID.80 18  0010 12 0 
2   RID.81 21  0010 12 00 
2   RID.82 19  000 11 0 
2   RID.83 2  011 12 10 
2   RID.84 12  00 22 001 
2   RID.85 13  000000 11 00 
2   RID.86 3  000011 13 1001001 
2   RID.87 11  01 16 10010 
2   RID.88 11  0 12 00 
2   RID.89 2  00 12 00 
2   RID.90 14  010000 12 0 
2   RID.91 12  0011 22 110 
2   RID.92 14  001001 12 1011 
2   RID.93 11  0 13 111111 
2   RID.94 12  0011 5 1000101 
2   RID.95 22  010 13 01111 
2   RID.96 18  0000 12 0 
2   RID.97 12  001 13 111111 
2   RID.98 5  0000101 20 10 
2   RID.99 16  00000 1 0 
2   RID.100 16  10010 12 0 
2   RID.101 12  0 3 00001000 
2   RID.102 12  0 18 0000 
2   RID.103 11  0 13 01111 
2   RID.104 5  0010000 13 000000 
2   RID.105 12  0 16 00000 
2   RID.106 16  00100 11 0 
2   RID.107 7  00111 12 10 
2   RID.108 12  0011 14 100000 
2   RID.109 12  0 12 0 
2   RID.110 14  010000 11 00 
2   RID.111 8  0010 14 000000 
2   RID.112 12  0 13 000000 
2   RID.113 13  000000 8 0000 
2   RID.114 2  011 12 10 
2   RID.115 12  0 11 0 
2   RID.116 10  01 13 101000 
2   RID.117 20  00 5 0000101 
2   RID.118 12  0 12 10111 
2   RID.119 11  0 12 10111 
2   RID.120 13  01111 5 1000000 
2   RID.121 11  0 12 0011 
2   RID.122 12  0011 22 110 
2   RID.123 13  000000 12 0 
2   RID.124 3  00000000 13 000001 
2   RID.125 12  0011 13 110111 
2   RID.126 3  0000001 12 1011 
2   RID.127 3  11100001 12 1011 
2   RID.128 12  0 5 1000101 
2   RID.129 14  000010 6 000000 
2   RID.130 22  110 5 0000101 
2   RID.131 12  0 25 1 
2   RID.132 3  00000 12 0 
2   RID.133 12  0 5 0111111 
2   RID.134 11  1 12 1011 
2   RID.135 12  0 14 100010 
2   RID.136 12  001 21 1000 
2   RID.137 5  1000000 18 0001 
2   RID.138 22  000 11 00 
2   RID.139 11  10 25 0 
2   RID.140 14  000100 3 00000000 
2   RID.141 21  0010 3 000011 
2   RID.142 13  01111 6 100000 
2   RID.143 5  1000010 21 0000 
2   RID.144 12  0011 21 1010 
2   RID.145 21  0010 11 0 
1   RID.146 13  01111 
2   RID.147 11  10 17 0000 
2   RID.148 18  0000 12 0011 
2   RID.149 13  000000 5 0010000 
2   RID.150 12  0011 8 1000 
2   RID.151 1  10 13 011111 
2   RID.152 18  0100 12 0 
2   RID.153 12  0111 12 1 
2   RID.154 16  00000 12 0011 
2   RID.155 11  01 13 100100 
2   RID.156 20  010 12 0 
2   RID.157 11  1 12 001111 
2   RID.158 12  0 18 1000 
2   RID.159 18  0010 12 0011 
1   RID.160 12  0 
2   RID.161 11  1 26 1 
2   RID.162 11  0 12 10111 
2   RID.163 5  0100000 12 00111 
2   RID.164 21  0010 11 0 
2   RID.165 3  000 12 0 
2   RID.166 1  0 17 00000 
2   RID.167 11  0 12 0 
2   RID.168 12  001 21 1000 
2   RID.169 21  0001 11 1 
2   RID.170 18  0000 12 0011 
2   RID.171 6  000000 12 00 
2   RID.172 12  001 14 100001 
2   RID.173 12  0 18 1001 
2   RID.174 11  0 21 100 
2   RID.175 12  1011 12 1 
2   RID.176 13  000100 11 0 
2   RID.177 12  1011 12 1 
2   RID.178 18  1000 12 0011 
2   RID.179 13  01111 11 1 
2   RID.180 12  00 22 000 
2   RID.181 12  0 13 011111 
2   RID.182 12  0011 11 1 
2   RID.183 14  100000 12 0 
2   RID.184 11  10 22 0001 
2   RID.185 22  001 12 10 
2   RID.186 13  000001 12 1 
