Number of Haplotypes 28
2   RID.0 28  0 28 1 
2   RID.1 16  0 5 10 
1   RID.2 28  0 
2   RID.3 19  01 5 1110011 
2   RID.4 5  00 7 011000000 
1   RID.5 22  0 
2   RID.6 4  1 6 011100000 
2   RID.7 8  00000100 19 00 
2   RID.8 14  001 6 111100 
1   RID.9 28  1 
1   RID.10 24  0110 
1   RID.11 27 01 
2   RID.12 12  10110 5 001001 
2   RID.13 5  1110011 15 10 
2   RID.14 5  0000 15 00 
1   RID.15 28 0 
2   RID.16 8  11000000 18 01 
2   RID.17 5  0000 12 01000 
1   RID.18 24  01100 
1   RID.19 22 0 
2   RID.20 28  0 21 0 
2   RID.21 8  11000000 17 01 
1   RID.22 26 100 
2   RID.23 14  110 4 0 
2   RID.24 17  110 11 010110 
2   RID.25 15  00 11 001000 
2   RID.26 24  01100 24 0110 
1   RID.27 24  01100 
2   RID.28 12  00001 7 111000000 
2   RID.29 6  011100 19 00 
1   RID.30 28 0 
2   RID.31 9  00001000 19 00 
2   RID.32 7  100111011 9 11110110 
2   RID.33 11  001000 17 00 
2   RID.34 20  10 11 010110 
1   RID.35 28  0 
1   RID.36 22 00 
2   RID.37 17  11 4 11 
2   RID.38 17  110 4 0 
2   RID.39 5  1110011 17 110 
1   RID.40 22  1 
2   RID.41 19  00 12 01000 
2   RID.42 21  0 6 010011 
2   RID.43 17  111 11 100001 
2   RID.44 11  110110 5 011 
2   RID.45 12  00001 20 10 
1   RID.46 11 000001 
2   RID.47 24  0110 28 0 
1   RID.48 28 0 
2   RID.49 6  110011 9 11110110 
1   RID.50 28  1 
2   RID.51 17  11 8 11000000 
2   RID.52 26  101 28 1 
2   RID.53 19  01 11 110110 
2   RID.54 17  11 8 11000000 
2   RID.55 24  00010 22 0 
2   RID.56 9  10000001 13 1001 
2   RID.57 14  001 11 100001 
1   RID.58 28  1 
2   RID.59 14  000 17 00 
2   RID.60 6  01001110 15 00 
1   RID.61 28 0 
2   RID.62 17  111 5 10 
2   RID.63 6  000000 11 001000 
2   RID.64 8  00000100 20 0 
2   RID.65 9  00001000 12 01000 
1   RID.66 27  01 
2   RID.67 11  000001 6 111100 
2   RID.68 24  00010 22 0 
2   RID.69 12  00001 19 10 
2   RID.70 12  00001 5 101110 
1   RID.71 24  01100 
2   RID.72 12  00001 18 110 
2   RID.73 24  01100 24 0110 
1   RID.74 6 000000 
2   RID.75 8  11000000 15 01 
2   RID.76 4  1 14 110 
2   RID.77 20  0 11 000001 
2   RID.78 17  11 12 10001 
2   RID.79 8  11000000 17 01 
1   RID.80 28 1 
2   RID.81 11  110110 12 00110 
2   RID.82 21  1 11 001000 
2   RID.83 9  10000001 13 1001 
1   RID.84 28 1 
2   RID.85 22  10 28 0 
2   RID.86 5  000000 6 000000 
2   RID.87 8  00000100 20 01 
2   RID.88 12  01000 11 001000 
2   RID.89 8  00111011 17 11 
2   RID.90 5  1110011 16 11 
2   RID.91 15  01 18 110 
2   RID.92 28  1 28 0 
2   RID.93 28  1 28 0 
2   RID.94 6  000000010 14 000 
2   RID.95 6  0111000 9 00000001 
1   RID.96 4 10 
1   RID.97 24 0110 
2   RID.98 8  00111011 7 10011101 
1   RID.99 22  10 
1   RID.100 23 00110 
1   RID.101 22 0 
2   RID.102 17  110 10 0110110 
1   RID.103 28  1 
2   RID.104 4  0 12 01000 
2   RID.105 9  00001000 12 01000 
1   RID.106 24 0110 
2   RID.107 28  0 23 00110 
1   RID.108 24  01100 
2   RID.109 17  110 5 001001 
2   RID.110 6  011100 18 010 
1   RID.111 28  0 
2   RID.112 6  000000 5 0000000 
2   RID.113 12  10110 4 01 
2   RID.114 14  001 8 11000000 
1   RID.115 25  0010 
2   RID.116 5  0011100 16 01 
1   RID.117 6  011100 
2   RID.118 14  001 11 100001 
1   RID.119 24  0110 
2   RID.120 24  0001 28 1 
2   RID.121 12  10110 4 01 
1   RID.122 28  0 
2   RID.123 17  00 8 00000100 
1   RID.124 28 0 
2   RID.125 8  11000000 5 00 
2   RID.126 6  01110000 9 00000001 
2   RID.127 28  0 28 1 
1   RID.128 24  0001 
2   RID.129 12  10110 6 010011 
2   RID.130 28  0 28 1 
2   RID.131 12  00001 5 101 
2   RID.132 23  001 28 1 
2   RID.133 17  11 12 11111 
2   RID.134 16  01 6 110011 
2   RID.135 7  100111011 16 11 
1   RID.136 23 11110 
1   RID.137 24  11101 
1   RID.138 24  0001 
2   RID.139 6  110011101 8 10111011 
2   RID.140 12  00001 19 10 
2   RID.141 15  00 5 0000 
2   RID.142 28  0 23 001 
2   RID.143 6  000000 5 000000 
1   RID.144 23  10110 
2   RID.145 12  10110 19 01 
1   RID.146 24 1001 
1   RID.147 28 1 
2   RID.148 12  00001 6 111100 
2   RID.149 16  0 5 011001 
2   RID.150 12  10110 12 01111 
1   RID.151 28 1 
2   RID.152 4  0 17 10 
2   RID.153 18  00 11 001000 
1   RID.154 23  00001 
2   RID.155 8  00111011 17 110 
2   RID.156 11  110110 18 00 
1   RID.157 28 0 
2   RID.158 27  10 24 00010 
2   RID.159 6  011100000 16 01 
1   RID.160 22  11 
1   RID.161 23 10001 
2   RID.162 28  0 23 10110 
2   RID.163 7  11100000 20 0 
1   RID.164 17 01 
1   RID.165 28 1 
2   RID.166 4  11 8 10111011 
2   RID.167 11  110110 6 010011 
2   RID.168 12  01000 21 0 
1   RID.169 23 01 
1   RID.170 8 10111011 
1   RID.171 28  0 
2   RID.172 12  00001 15 11 
1   RID.173 28  1 
2   RID.174 9  10000001 16 111 
2   RID.175 17  11 8 11000000 
1   RID.176 24  0001 
2   RID.177 5  1110 6 01001110 
2   RID.178 6  000000 5 00 
1   RID.179 28 0 
2   RID.180 4  11 12 10110 
2   RID.181 15  01 5 10 
2   RID.182 12  00001 7 11100000 
2   RID.183 7  11100000 19 00 
2   RID.184 6  00000001 17 100 
2   RID.185 17  111 5 101 
2   RID.186 24  00010 22 0 
1   RID.187 18 01 
2   RID.188 20  1 12 10110 
2   RID.189 11  001000 5 000 
1   RID.190 28 0 
2   RID.191 28  0 21 0 
2   RID.192 23  10110 28 0 
2   RID.193 22  00 28 0 
1   RID.194 22  10 
1   RID.195 24 01101 
2   RID.196 6  010011 17 11 
1   RID.197 24  0001 
2   RID.198 8  00111011 4 10 
2   RID.199 19  01 17 110 
1   RID.200 28  0 
2   RID.201 28  0 24 0001 
2   RID.202 17  11 5 1011 
2   RID.203 28  0 24 1110 
1   RID.204 25  0010 
2   RID.205 24  01100 28 0 
2   RID.206 14  000 2 00 
2   RID.207 6  0100111 17 11 
1   RID.208 4  1 
2   RID.209 12  00001 12 10001 
2   RID.210 6  000000 6 000100 
2   RID.211 12  10110 6 010011 
1   RID.212 27  10 
2   RID.213 9  10000001 6 11110000 
2   RID.214 12  10110 4 00 
2   RID.215 5  001110 10 0000001 
1   RID.216 22  1 
2   RID.217 9  01110110 8 00111011 
2   RID.218 9  0000100 20 0 
2   RID.219 6  00000001 17 100 
1   RID.220 24  01100 
2   RID.221 5  0000 12 01000 
1   RID.222 16  0 
2   RID.223 2  10 11 000001 
2   RID.224 5  000000 8 00000100 
2   RID.225 12  00001 5 10 
1   RID.226 24  1110 
2   RID.227 12  00001 17 111 
1   RID.228 23 10001 
1   RID.229 28 1 
2   RID.230 14  001 7 11100000 
2   RID.231 21  0 6 010011 
2   RID.232 24  0001 28 1 
2   RID.233 5  001110 17 01 
2   RID.234 8  00000100 20 0 
1   RID.235 23 00110 
2   RID.236 12  00001 17 111 
1   RID.237 28  0 
2   RID.238 28  0 22 10 
2   RID.239 16  00 12 01000 
2   RID.240 12  00001 18 110 
2   RID.241 5  0011100 17 01 
1   RID.242 22  110 
2   RID.243 11  110110 21 0 
2   RID.244 11  001000 14 000 
2   RID.245 12  00001 20 10 
1   RID.246 28 0 
2   RID.247 6  01110000 6 01110000 
2   RID.248 10  0000001 19 10 
2   RID.249 5  000 12 01000 
2   RID.250 23  00110 28 0 
2   RID.251 18  00 5 0000000 
2   RID.252 12  10110 6 010011 
1   RID.253 20 1 
2   RID.254 22  10 22 01 
1   RID.255 23 10110 
