Number of Haplotypes 21
1   RID.0 12  1111 
1   RID.1 12 101101 
2   RID.2 11  0 8 110 
1   RID.3 1  100001 
2   RID.4 11  0 9 10 
1   RID.5 10 0 
2   RID.6 14  11011111 11 1 
1   RID.7 11  0 
1   RID.8 11 1 
1   RID.9 11  0 
2   RID.10 10  1 11 1 
1   RID.11 11 1 
2   RID.12 5  010 11 0 
1   RID.13 11 0 
1   RID.14 6  00 
1   RID.15 9 00 
1   RID.16 11  1 
1   RID.17 15 0011111 
1   RID.18 12  1011 
2   RID.19 10  0 12 1111 
2   RID.20 10  0 11 1 
2   RID.21 10  1 12 1111 
2   RID.22 9  00 12 001 
2   RID.23 10  0 11 1 
2   RID.24 9  00 12 001 
1   RID.25 18 1111 
1   RID.26 11  0 
2   RID.27 8  00 12 0100 
2   RID.28 12  101 11 1 
1   RID.29 11 11 
2   RID.30 11  0 9 10 
2   RID.31 12  101 9 10 
1   RID.32 12 010010 
2   RID.33 8  100 16 011111 
1   RID.34 1  1011 
2   RID.35 8  010 11 0 
1   RID.36 5 000 
1   RID.37 1 100001 
1   RID.38 12  1011 
1   RID.39 8  010 
1   RID.40 11 0 
1   RID.41 11  1 
1   RID.42 12 011 
1   RID.43 11 1 
1   RID.44 12  101100 
1   RID.45 12  111 
2   RID.46 11  0 8 100 
2   RID.47 9  01 12 1 
1   RID.48 11  0 
1   RID.49 6  00 
2   RID.50 10  0 8 0 
2   RID.51 11  1 10 0 
1   RID.52 9  00 
1   RID.53 11 0 
2   RID.54 10  0 15 0011111 
2   RID.55 12  1011 8 100 
2   RID.56 10  1 1 1011 
2   RID.57 11  0 11 1 
1   RID.58 6  00 
2   RID.59 11  1 8 0 
1   RID.60 6 00 
2   RID.61 9  01 12 1100 
1   RID.62 11  0 
2   RID.63 5  100 12 001101 
2   RID.64 11  1 8 1 
2   RID.65 12  01001 6 10 
1   RID.66 11 0 
1   RID.67 11  0 
2   RID.68 10  0 11 0 
1   RID.69 19  111 
1   RID.70 1 1011 
2   RID.71 11  0 8 10 
1   RID.72 12  1011 
2   RID.73 8  001 12 1100 
1   RID.74 11  1 
1   RID.75 1 11101 
1   RID.76 1  11101 
1   RID.77 12  101101 
1   RID.78 11 1 
1   RID.79 1  100001 
2   RID.80 11  0 8 100 
2   RID.81 11  0 8 000 
1   RID.82 11  0 
1   RID.83 9  10 
2   RID.84 12  1111 9 10 
