99
22
2   RID.0 1  010 13 0 
2   RID.1 9  1101 7 1 
2   RID.2 12  0 8 10 
2   RID.3 6  0 9 011 
2   RID.4 10  000 13 0111 
2   RID.5 8  10 9 011 
2   RID.6 9  0010 13 01 
2   RID.7 8  1 10 100 
2   RID.8 6  01 13 1 
1   RID.9 13 1 
2   RID.10 9  0000 10 000 
2   RID.11 6  01 13 1 
2   RID.12 6  00 8 00 
2   RID.13 9  011 13 1000 
2   RID.14 6  00 9 0101 
2   RID.15 9  011 10 101 
2   RID.16 8  1 10 101 
2   RID.17 13  0 8 1 
2   RID.18 12  0 8 1 
2   RID.19 10  010 6 01 
2   RID.20 10  000 14 01110 
2   RID.21 8  10 14 01110 
2   RID.22 19  00 8 0 
2   RID.23 9  0010 8 0 
2   RID.24 8  0 9 0010 
2   RID.25 7  1 8 00 
2   RID.26 4  10 8 00 
2   RID.27 14  00000 8 0 
2   RID.28 17  0000 9 011 
2   RID.29 8  1 9 11 
2   RID.30 8  1 13 1 
2   RID.31 13  1 9 1000 
1   RID.32 5  00 
2   RID.33 8  10 9 0101 
2   RID.34 9  110 9 0000 
2   RID.35 8  00 10 010 
1   RID.36 9  011 
2   RID.37 9  0000 13 0 
2   RID.38 7  1 10 010 
2   RID.39 8  00 8 0 
2   RID.40 8  1 14 01111 
2   RID.41 12  1 9 1101 
2   RID.42 13  1 9 1000 
2   RID.43 9  011 13 10 
2   RID.44 10  000 19 01 
2   RID.45 9  011 9 1101 
2   RID.46 6  01 9 100 
2   RID.47 9  1101 12 1 
2   RID.48 13  0 8 1 
2   RID.49 9  0010 9 0 
2   RID.50 6  00 9 0101 
1   RID.51 8 1 
2   RID.52 8  00 10 010 
2   RID.53 9  0 8 0 
2   RID.54 14  00000 8 00 
1   RID.55 12  0 
2   RID.56 9  1101 8 10 
2   RID.57 9  110 8 0 
2   RID.58 12  1 8 00 
2   RID.59 9  0000 9 0 
2   RID.60 8  0 8 00 
2   RID.61 6  01 9 1000 
2   RID.62 14  11110 8 0 
2   RID.63 8  1 13 0 
2   RID.64 9  0010 9 011 
2   RID.65 8  1 9 1101 
2   RID.66 6  11 13 11 
2   RID.67 8  0 9 1010 
2   RID.68 13  00000 7 0 
2   RID.69 13  0 9 0101 
2   RID.70 9  01 10 110 
2   RID.71 9  011 9 1000 
2   RID.72 21  11 9 111 
2   RID.73 9  011 9 1101 
1   RID.74 1 100 
2   RID.75 21  11 9 111 
2   RID.76 13  1 8 10 
2   RID.77 9  100 2 0110 
2   RID.78 9  011 8 1 
2   RID.79 13  1 9 111 
2   RID.80 9  110 8 0 
2   RID.81 14  00000 21 00 
2   RID.82 10  000 8 00 
2   RID.83 9  0010 9 011 
2   RID.84 8  10 7 0 
2   RID.85 12  0 8 00 
2   RID.86 9  011 13 1 
2   RID.87 10  000 18 011 
1   RID.88 9  1101 
2   RID.89 9  0010 8 0 
2   RID.90 13  11 6 11 
2   RID.91 8  1 9 110 
2   RID.92 12  0 9 011 
2   RID.93 9  011 5 10 
2   RID.94 7  0 13 00 
2   RID.95 9  011 9 1000 
2   RID.96 4  11 8 10 
2   RID.97 9  0010 8 0 
2   RID.98 10  101 7 1 
