188
41
2   RID.0 15  00001111 33 1111110 
1   RID.1 15  11011010 
2   RID.2 18  000001 5 1001 
2   RID.3 19  0000100 16 0000000 
2   RID.4 13  00000011 9 1101 
2   RID.5 19  111011100 12 001 
2   RID.6 13  001101 41 1 
2   RID.7 12  000 14 00000000 
2   RID.8 19  0000100 16 0000000 
2   RID.9 19  000010000 18 000001 
2   RID.10 20  00000010 11 0000 
2   RID.11 15  00000000 1 1000 
2   RID.12 33  0000000 6 001001 
2   RID.13 6  001010 13 001101 
2   RID.14 3  000 15 00001111 
2   RID.15 13  11111 13 100000 
2   RID.16 9  0101 21 1011100 
2   RID.17 19  00010000 13 0000100 
2   RID.18 10  0000 23 0000000 
2   RID.19 1  0000 17 0000001 
2   RID.20 20  01011100 13 001101 
2   RID.21 5  0001 13 100000 
2   RID.22 18  110101 19 1010111 
2   RID.23 13  00000 6 00000 
2   RID.24 28  00100000 18 000001 
2   RID.25 16  0100001 41 1 
2   RID.26 34  000000 13 001000 
2   RID.27 27  00010000 18 000001 
2   RID.28 16  0000000 22 00001000 
2   RID.29 19  00001000 36 00001 
2   RID.30 14  0000000 5 0000 
2   RID.31 12  1111 33 1111100 
2   RID.32 15  0010000 6 00000 
2   RID.33 15  10000000 5 0001 
2   RID.34 14  00000000 33 000000 
2   RID.35 33  1001110 18 011111 
2   RID.36 28  00100000 33 0001100 
2   RID.37 33  0011111 16 1001111 
2   RID.38 20  00100000 13 000010 
2   RID.39 14  01000000 15 00000000 
2   RID.40 12  101 23 100111101 
2   RID.41 13  0010000 12 0001 
2   RID.42 40  00 9 0000 
2   RID.43 6  101000 15 0000000 
2   RID.44 23  1000000100 15 0100000 
2   RID.45 20  00100000 13 00001 
2   RID.46 20  11011100 12 001 
2   RID.47 19  00000001 33 1000000 
2   RID.48 15  1000000 23 0000000100 
2   RID.49 23  000000000 5 0000 
2   RID.50 32  000000 18 00000000 
2   RID.51 19  000010000 19 001111101 
2   RID.52 13  111000 16 0000000 
2   RID.53 13  1111 33 1011111 
2   RID.54 9  0101 23 111011111 
2   RID.55 3  1100 23 010011100 
2   RID.56 11  0000 15 0010000 
2   RID.57 12  000 32 0000000 
2   RID.58 17  1000010 11 0000 
2   RID.59 13  000000 9 0000 
1   RID.60 23 0000000 
2   RID.61 10  010 24 000000100 
2   RID.62 13  001100 19 01101110 
2   RID.63 19  00000001 33 1000000 
2   RID.64 18  0000000 9 0000 
2   RID.65 20  00010000 15 00000000 
2   RID.66 33  0001100 15 00000000 
2   RID.67 35  00000 18 000001 
2   RID.68 5  0000 24 001000010 
2   RID.69 13  00000 15 0000000 
2   RID.70 10  010 24 000000100 
2   RID.71 15  11011010 16 0011010 
2   RID.72 21  0010000 26 00001000 
2   RID.73 16  0000000 21 0010000 
2   RID.74 15  10000000 13 00100 
2   RID.75 18  11010111 12 111 
2   RID.76 9  1111 33 1011111 
2   RID.77 18  00001000 15 00100001 
2   RID.78 28  00100000 15 00000000 
2   RID.79 16  1011010 19 00101110 
2   RID.80 12  1111 35 11111 
2   RID.81 9  0000 15 0000000 
2   RID.82 33  000000 14 00000000 
2   RID.83 11  1000 19 0000100 
2   RID.84 15  00001111 13 100000 
2   RID.85 13  0000000 27 00001000 
2   RID.86 41  1 13 00000011 
2   RID.87 18  011111 15 10001111 
2   RID.88 17  0000000 27 00001000 
2   RID.89 18  000001 27 10010000 
2   RID.90 19  1010111 12 101 
2   RID.91 20  01011100 12 011 
2   RID.92 12  000 28 00000000 
2   RID.93 13  00100 25 00000100 
2   RID.94 23  111011111 23 101011101 
2   RID.95 28  00100000 18 0000010 
2   RID.96 17  000000 30 0100000 
2   RID.97 20  01011100 13 001101 
2   RID.98 10  010 29 01000000 
2   RID.99 33  0011111 17 1110101 
2   RID.100 13  0010000 12 0001 
2   RID.101 13  000010 3 001 
2   RID.102 24  000000100 13 011000 
2   RID.103 13  11100 15 00000000 
2   RID.104 19  00001000 7 01000 
2   RID.105 6  101000 15 00000000 
2   RID.106 11  0000 22 00001000 
2   RID.107 9  0000 13 000000 
2   RID.108 15  0000000 9 0000 
2   RID.109 10  0000 14 0000000 
2   RID.110 41  0 15 01011010 
2   RID.111 9  0010 18 0000010 
2   RID.112 9  0000 18 011111 
2   RID.113 13  11100 14 0100000 
2   RID.114 15  00000000 22 00001000 
2   RID.115 19  0000100 10 000 
2   RID.116 19  000000010 40 00 
2   RID.117 15  00000000 12 000 
2   RID.118 28  00010000 12 0000 
2   RID.119 41  0 10 0011 
2   RID.120 23  011011111 9 1101 
2   RID.121 8  00000 30 0100000 
2   RID.122 23  1000000100 13 011000 
2   RID.123 19  000100000 9 0000 
2   RID.124 15  1000000 10 010 
2   RID.125 33  0001100 18 0000010 
2   RID.126 33  0011111 16 1001111 
2   RID.127 5  0001 13 10100000 
2   RID.128 19  10101110 6 001010 
2   RID.129 11  000 30 0000001 
2   RID.130 9  1111 18 111111 
2   RID.131 9  0000 23 000000000 
2   RID.132 13  000000 1 1000 
2   RID.133 18  0000010 33 0001100 
2   RID.134 17  0000000 24 001000010 
2   RID.135 22  00001000 19 000000010 
2   RID.136 33  0111110 15 00001111 
2   RID.137 12  000 20 00000010 
2   RID.138 14  0001000 5 0000 
2   RID.139 16  0000000 18 0000000 
2   RID.140 12  011 19 10101110 
2   RID.141 15  00100001 26 10000000 
2   RID.142 6  101000 16 0000000 
2   RID.143 19  10101110 2 0110 
2   RID.144 35  00000 15 00000000 
2   RID.145 11  000 30 0000001 
2   RID.146 32  1001111 15 1101101 
2   RID.147 21  0100000 35 01100 
2   RID.148 19  10101110 2 0110 
2   RID.149 13  111000 16 0000000 
2   RID.150 14  0000000 22 00001000 
2   RID.151 21  0010000 26 00001000 
2   RID.152 32  1001111 13 1011011 
2   RID.153 19  000000010 22 00001000 
2   RID.154 13  00001 22 10000000 
2   RID.155 13  111011 19 11101110 
2   RID.156 15  00100001 8 10000 
2   RID.157 19  00001000 25 00000100 
2   RID.158 13  0000 35 01100 
2   RID.159 13  001000 8 00010 
2   RID.160 7  00000 1 000 
2   RID.161 21  1011100 14 00000111 
2   RID.162 13  111000 23 0000000100 
2   RID.163 13  00100 23 0000000 
2   RID.164 14  0100000 13 00100 
2   RID.165 13  000000 2 000 
2   RID.166 33  000110 12 000 
2   RID.167 13  000000 9 0000 
2   RID.168 18  000010 8 00000 
2   RID.169 14  01101101 12 111 
2   RID.170 24  000000100 13 011000 
2   RID.171 15  0000111 12 101 
2   RID.172 18  01111111 9 1000 
2   RID.173 28  00010000 9 0000 
2   RID.174 19  000000010 22 00001000 
2   RID.175 33  0001100 1 0000 
1   RID.176 17  0000001 
2   RID.177 20  00010000 28 00100000 
2   RID.178 28  0000000 19 000100000 
2   RID.179 19  0000100 9 0000 
2   RID.180 23  000000000 18 00001000 
2   RID.181 14  0000000 5 0000 
2   RID.182 1  1 23 00000000 
1   RID.183 6 001000 
2   RID.184 19  10101110 15 0101101 
2   RID.185 35  01100 12 011 
2   RID.186 12  1111 13 100000 
2   RID.187 14  0110110 13 001101 
