2 RID.0 53 00 42 00000 GGGGGGG
2 RID.1 49 1000 44 00110 GGGGGGGGG
2 RID.2 49 1001 42 1000 GGGGGGGG
2 RID.3 18 100000 7 000000 GGGGGGGGGGGG
2 RID.4 7 100011 24 10010111 GGGGGGGGGGGGGG
2 RID.5 29 111100 42 0100000 GGGGGGGGGGGGG
2 RID.6 35 011011 46 10010 GGGGGGGGGGG
2 RID.7 46 00010 52 000 GGGGGGGG
2 RID.8 4 00 17 000000 GGGGGGGG
2 RID.9 42 000000 47 00100 GGGGGGGGGGG
2 RID.10 42 1110 49 0000 GGGGGGGG
2 RID.11 46 00010 51 0000 GGGGGGGGG
2 RID.12 18 0100100 17 00100 GGGGGGGGGGGG
2 RID.13 42 11 49 1000 GGGGGG
2 RID.14 49 111 42 1111 GGGGGGG
2 RID.15 5 00 23 01110000 GGGGGGGGGG
2 RID.16 46 10010 42 00 GGGGGGG
2 RID.17 13 00010 20 00011111 GGGGGGGGGGGGG
2 RID.18 16 100100 14 001001 GGGGGGGGGGGG
2 RID.19 53 00 52 000 GGGGG
2 RID.20 46 00110 41 010 GGGGGGGG
2 RID.21 42 0000 52 000 GGGGGGG
2 RID.22 1 111 5 11 GGGGG
2 RID.23 40 10 53 00 GGGG
2 RID.24 46 10010 36 000110 GGGGGGGGGGG
2 RID.25 46 00010 42 0000 GGGGGGGGG
2 RID.26 10 000000 17 00000 GGGGGGGGGGG
2 RID.27 14 00111 26 1101111 GGGGGGGGGGGG
2 RID.28 7 101010 18 01010 GGGGGGGGGGG
2 RID.29 41 011 44 1000010 GGGGGGGGGG
2 RID.30 49 000 42 00 GGGGG
2 RID.31 47 00100 39 010 GGGGGGGG
2 RID.32 52 000 44 00110 GGGGGGGG
2 RID.33 44 000000 44 000000 GGGGGGGGGGGG
2 RID.34 47 00100 42 0111 GGGGGGGGG
2 RID.35 38 0110 46 00010 GGGGGGGGG
2 RID.36 13 0000 18 00000 GGGGGGGGG
2 RID.37 13 00000 33 000000 GGGGGGGGGGG
2 RID.38 41 0 49 0000 GGGGG
2 RID.39 38 0000 44 00000 GGGGGGGGG
2 RID.40 21 0111111 16 111101 GGGGGGGGGGGGG
2 RID.41 47 00100 55 011 GGGGGGGG
2 RID.42 46 00000 49 0000 GGGGGGGGG
2 RID.43 18 11000 7 000 GGGGGGGG
2 RID.44 10 000000 18 01001 GGGGGGGGGGG
2 RID.45 55 01 47 10100 GGGGGGG
2 RID.46 44 00000 46 00010 GGGGGGGGGG
2 RID.47 46 000100 55 011 GGGGGGGGG
2 RID.48 13 1101 23 11110011 GGGGGGGGGGGG
2 RID.49 44 00000 50 0000 GGGGGGGGG
2 RID.50 42 0100000 58 000 GGGGGGGGGG
2 RID.51 7 100000 14 00100 GGGGGGGGGGG
2 RID.52 38 0110 49 011 GGGGGGG
2 RID.53 40 10 49 0000 GGGGGG
2 RID.54 13 0000 16 000000 GGGGGGGGGG
2 RID.55 13 0001 17 110101 GGGGGGGGGG
2 RID.56 44 100001 42 1111 GGGGGGGGGG
2 RID.57 51 0000 47 00100 GGGGGGGGG
2 RID.58 14 00000 6 00 GGGGGGG
2 RID.59 49 1000 42 0001 GGGGGGGG
2 RID.60 49 1000 46 00010 GGGGGGGGG
2 RID.61 43 000000 49 0000 GGGGGGGGGG
2 RID.62 16 10010 49 0000 GGGGGGGGG
2 RID.63 46 000000 44 000000 GGGGGGGGGGGG
2 RID.64 42 0000 46 000100 GGGGGGGGGG
2 RID.65 5 00 17 00000 GGGGGGG
2 RID.66 14 00000 22 0000000 GGGGGGGGGGGG
2 RID.67 7 000000 16 000000 GGGGGGGGGGGG
2 RID.68 44 100001 56 10100 GGGGGGGGGGG
2 RID.69 18 01001 14 10100 GGGGGGGGGG
2 RID.70 23 011111111 10 110110 GGGGGGGGGGGGGGG
2 RID.71 46 00010 42 0111 GGGGGGGGG
2 RID.72 42 00 51 0000 GGGGGG
2 RID.73 41 011 44 1000010 GGGGGGGGGG
2 RID.74 48 0100 44 0000010 GGGGGGGGGGG
2 RID.75 46 000100 44 00000 GGGGGGGGGGG
2 RID.76 50 000 42 0100 GGGGGGG
2 RID.77 29 000000 8 000000 GGGGGGGGGGGG
2 RID.78 52 000 46 00010 GGGGGGGG
2 RID.79 7 000000 22 00000001 GGGGGGGGGGGGGG
2 RID.80 44 000001 42 10 GGGGGGGG
2 RID.81 44 00000 53 001 GGGGGGGG
2 RID.82 42 0000000 61 0 GGGGGGGG
2 RID.83 14 00100 7 011 GGGGGGGG
2 RID.84 7 0111111 19 1000111 GGGGGGGGGGGGGG
2 RID.85 17 001000 4 001 GGGGGGGGG
2 RID.86 42 0000 46 000100 GGGGGGGGGG
2 RID.87 16 00000 6 00 GGGGGGG
2 RID.88 46 000100 51 0000 GGGGGGGGGG
2 RID.89 42 00100 47 00100 GGGGGGGGGG
2 RID.90 55 00 46 00010 GGGGGGG
2 RID.91 44 0000010 46 00010 GGGGGGGGGGGG
2 RID.92 50 000 44 000000 GGGGGGGGG
2 RID.93 53 10 42 00000 GGGGGGG
2 RID.94 17 01100 14 00101 GGGGGGGGGG
2 RID.95 56 00100 42 0000 GGGGGGGGG
2 RID.96 27 001111 7 110000 GGGGGGGGGGGG
2 RID.97 46 10010 51 0100 GGGGGGGGG
2 RID.98 44 0000010 50 0001 GGGGGGGGGGG
2 RID.99 18 10110 23 01110000 GGGGGGGGGGGGG
2 RID.100 46 000000 44 000000 GGGGGGGGGGGG
2 RID.101 55 011 47 10100 GGGGGGGG
2 RID.102 49 1110 35 010101 GGGGGGGGGG
2 RID.103 49 1000 44 00000 GGGGGGGGG
2 RID.104 42 1000 53 001 GGGGGGG
2 RID.105 38 1010 46 000100 GGGGGGGGGG
2 RID.106 44 000001 44 11110 GGGGGGGGGGG
2 RID.107 27 001111 10 100000 GGGGGGGGGGGG
2 RID.108 40 10 49 0000 GGGGGG
2 RID.109 46 00000 44 000000 GGGGGGGGGGG
2 RID.110 38 0110 14 0010 GGGGGGGG
2 RID.111 53 10 42 00000 GGGGGGG
2 RID.112 51 0000 42 000000 GGGGGGGGGG
2 RID.113 55 00 44 00000 GGGGGGG
2 RID.114 44 001101 44 10110 GGGGGGGGGGG
2 RID.115 41 0 44 00000 GGGGGG
2 RID.116 56 00100 44 000001 GGGGGGGGGGG
2 RID.117 38 0110 14 0010 GGGGGGGG
2 RID.118 46 000000 42 0000 GGGGGGGGGG
2 RID.119 44 11111 47 10100 GGGGGGGGGG
2 RID.120 22 01111111 5 11 GGGGGGGGGG
2 RID.121 16 100100 8 000110 GGGGGGGGGGGG
2 RID.122 52 000 46 00000 GGGGGGGG
2 RID.123 24 00000111 10 100000 GGGGGGGGGGGGGG
2 RID.124 47 00000 42 00 GGGGGGG
2 RID.125 53 111 44 1010010 GGGGGGGGGG
2 RID.126 55 011 44 100001 GGGGGGGGG
2 RID.127 36 00011 49 1001 GGGGGGGGG
2 RID.128 42 0100000 44 0000010 GGGGGGGGGGGGGG
2 RID.129 39 110 46 00010 GGGGGGGG
2 RID.130 5 00 21 01111111 GGGGGGGGGG
2 RID.131 6 0000 14 00000 GGGGGGGGG
2 RID.132 46 000000 52 000 GGGGGGGGG
2 RID.133 61 1 49 0000 GGGGG
2 RID.134 55 011 61 1 GGGG
2 RID.135 17 011000 21 0011111 GGGGGGGGGGGGG
2 RID.136 10 000000 30 011111 GGGGGGGGGGGG
2 RID.137 46 11011 48 1100 GGGGGGGGG
2 RID.138 51 0000 42 0100 GGGGGGGG
2 RID.139 35 010101 44 10000 GGGGGGGGGGG
2 RID.140 44 000001 49 100 GGGGGGGGG
2 RID.141 55 0 42 0000001 GGGGGGGG
2 RID.142 46 00010 44 00000 GGGGGGGGGG
2 RID.143 46 00000 46 00000 GGGGGGGGGG
2 RID.144 46 11011 35 11101 GGGGGGGGGG
2 RID.145 18 101011 5 11 GGGGGGGG
2 RID.146 46 000100 51 0000 GGGGGGGGGG
2 RID.147 55 10 44 010001 GGGGGGGG
2 RID.148 44 000001 49 1000 GGGGGGGGGG
2 RID.149 55 000 44 000000 GGGGGGGGG
2 RID.150 18 01001 14 10100 GGGGGGGGGG
2 RID.151 49 1001 35 10001 GGGGGGGGG
2 RID.152 22 01111111 7 110000 GGGGGGGGGGGGGG
2 RID.153 14 0110 27 001111 GGGGGGGGGG
2 RID.154 42 00 43 000000 GGGGGGGG
2 RID.155 53 000 44 00000 GGGGGGGG
2 RID.156 36 11011 42 1001000 GGGGGGGGGGGG
2 RID.157 14 00100 35 011011 GGGGGGGGGGG
2 RID.158 9 00100 30 0111111 GGGGGGGGGGGG
2 RID.159 50 000 42 00000 GGGGGGGG
2 RID.160 47 10111 41 1 GGGGGG
2 RID.161 7 000000 14 00000 GGGGGGGGGGG
2 RID.162 32 101111 45 111011 GGGGGGGGGGGG
2 RID.163 55 01100 51 0010 GGGGGGGGG
2 RID.164 41 010 53 011 GGGGGG
2 RID.165 44 000000 37 00000 GGGGGGGGGGG
2 RID.166 44 00110 55 011 GGGGGGGG
2 RID.167 20 00011111 16 100100 GGGGGGGGGGGGGG
2 RID.168 38 0000 44 00000 GGGGGGGGG
2 RID.169 20 00111111 8 100110 GGGGGGGGGGGGGG
2 RID.170 44 00100 44 001001 GGGGGGGGGGG
2 RID.171 42 10 46 00010 GGGGGGG
2 RID.172 14 0010 17 001000 GGGGGGGGGG
2 RID.173 32 101011 43 100000 GGGGGGGGGGGG
2 RID.174 13 00000 23 0000000 GGGGGGGGGGGG
2 RID.175 44 00110 45 011011 GGGGGGGGGGG
2 RID.176 42 01 44 100001 GGGGGGGG
2 RID.177 42 0100 55 011 GGGGGGG
2 RID.178 49 1000 44 0000110 GGGGGGGGGGG
2 RID.179 49 100 46 00010 GGGGGGGG
2 RID.180 18 00000 10 000000 GGGGGGGGGGG
2 RID.181 60 00 47 00000 GGGGGGG
2 RID.182 38 0010 53 00 GGGGGG
2 RID.183 46 11111 51 1010 GGGGGGGGG
2 RID.184 42 0100000 42 0100 GGGGGGGGGGG
2 RID.185 12 10011 38 1010 GGGGGGGGG
2 RID.186 14 0010 17 011111 GGGGGGGGGG
2 RID.187 35 000000 52 000 GGGGGGGGG
2 RID.188 49 1000 46 00010 GGGGGGGGG
2 RID.189 37 00000 44 000000 GGGGGGGGGGG
2 RID.190 42 0000 46 000100 GGGGGGGGGG
2 RID.191 46 00000 50 000 GGGGGGGG
2 RID.192 38 1010 18 01001 GGGGGGGGG
2 RID.193 44 00100 46 000100 GGGGGGGGGGG
2 RID.194 17 11111 18 11000111 GGGGGGGGGGGGG
2 RID.195 55 01 47 10100 GGGGGGG
2 RID.196 42 1000 46 01011 GGGGGGGGG
2 RID.197 29 111100 11 010011 GGGGGGGGGGGG
2 RID.198 56 00000 49 0000 GGGGGGGGG
2 RID.199 46 000100 46 00010 GGGGGGGGGGG
2 RID.200 42 0000 55 01 GGGGGG
2 RID.201 61 1 61 1 GG
2 RID.202 55 011 35 111011 GGGGGGGGG
2 RID.203 44 00110 48 0111 GGGGGGGGG
2 RID.204 49 1000 55 0 GGGGG
2 RID.205 49 1000 56 00100 GGGGGGGGG
2 RID.206 42 1000 49 0000 GGGGGGGG
2 RID.207 46 01011 44 11110 GGGGGGGGGG
2 RID.208 46 00010 46 00010 GGGGGGGGGG
2 RID.209 45 100010 42 01 GGGGGGGG
2 RID.210 44 000011 46 10110 GGGGGGGGGGG
2 RID.211 42 1110 49 0000 GGGGGGGG
2 RID.212 30 00000 17 000000 GGGGGGGGGGG
2 RID.213 41 0 52 000 GGGG
2 RID.214 42 100000 52 000 GGGGGGGGG
2 RID.215 42 0000 49 000 GGGGGGG
2 RID.216 46 00000 41 000 GGGGGGGG
2 RID.217 2 111 17 10100 GGGGGGGG
2 RID.218 46 00010 38 0110 GGGGGGGGG
2 RID.219 18 11001 18 10111 GGGGGGGGGG
2 RID.220 42 0000 44 000001 GGGGGGGGGG
2 RID.221 51 0000 46 00000 GGGGGGGGG
2 RID.222 17 001001 26 1101111 GGGGGGGGGGGGG
2 RID.223 56 00100 44 000001 GGGGGGGGGGG
2 RID.224 17 001001 42 1100 GGGGGGGGGG
2 RID.225 52 101 46 100100 GGGGGGGGG
2 RID.226 49 1000 44 0000110 GGGGGGGGGGG
2 RID.227 40 10 49 0000 GGGGGG
2 RID.228 42 00000 49 0000 GGGGGGGGG
2 RID.229 44 11111 35 11110 GGGGGGGGGG
2 RID.230 13 0001 17 11101 GGGGGGGGG
2 RID.231 42 00 46 00010 GGGGGGG
2 RID.232 50 000 44 01111 GGGGGGGG
2 RID.233 42 00000 54 00 GGGGGGG
2 RID.234 28 0000000 17 00000 GGGGGGGGGGGG
2 RID.235 29 111100 46 00010 GGGGGGGGGGG
2 RID.236 9 00000 14 00000 GGGGGGGGGG
2 RID.237 44 00110 47 00111 GGGGGGGGGG
2 RID.238 19 0000000 16 000000 GGGGGGGGGGGGG
2 RID.239 51 0000 44 000000 GGGGGGGGGG
2 RID.240 17 000000 10 000000 GGGGGGGGGGGG
2 RID.241 42 0000000 53 00 GGGGGGGGG
2 RID.242 20 0000000 16 0000 GGGGGGGGGGG
2 RID.243 49 100 58 010 GGGGGG
2 RID.244 44 0000011 44 1100111 GGGGGGGGGGGGGG
2 RID.245 29 111100 11 010011 GGGGGGGGGGGG
2 RID.246 32 101111 18 100101 GGGGGGGGGGGG
2 RID.247 44 0010010 42 00 GGGGGGGGG
2 RID.248 46 000000 44 000000 GGGGGGGGGGGG
2 RID.249 54 00 44 00000 GGGGGGG
2 RID.250 7 000000 18 0000000 GGGGGGGGGGGGG
2 RID.251 7 110010 27 011111 GGGGGGGGGGGG
2 RID.252 21 0011111 17 111000 GGGGGGGGGGGGG
2 RID.253 20 00000000 10 000000 GGGGGGGGGGGGGG
2 RID.254 47 00100 51 0010 GGGGGGGGG
2 RID.255 47 00100 44 01111 GGGGGGGGGG
2 RID.256 37 10110 44 000001 GGGGGGGGGGG
2 RID.257 49 111 38 1110 GGGGGGG
2 RID.258 13 1101 18 1111011 GGGGGGGGGGG
2 RID.259 58 100 42 01 GGGGG
2 RID.260 46 00010 46 000100 GGGGGGGGGGG
2 RID.261 55 0 47 01100 GGGGGG
2 RID.262 49 100 41 0 GGGG
2 RID.263 49 1000 53 000 GGGGGGG
2 RID.264 30 1110011 18 110001 GGGGGGGGGGGGG
2 RID.265 8 000000 13 00000 GGGGGGGGGGG
2 RID.266 52 001 42 1000 GGGGGGG
2 RID.267 22 11111111 14 10100 GGGGGGGGGGGGG
2 RID.268 51 0010 47 00100 GGGGGGGGG
2 RID.269 49 1000 47 00100 GGGGGGGGG
2 RID.270 50 0000 42 0111 GGGGGGGG
2 RID.271 46 000100 42 00001 GGGGGGGGGGG
2 RID.272 47 00100 38 0110 GGGGGGGGG
2 RID.273 46 000100 49 0000 GGGGGGGGGG
2 RID.274 30 0010110 14 00111 GGGGGGGGGGGG
2 RID.275 51 0010 42 00 GGGGGG
2 RID.276 50 001 51 1100 GGGGGGG
2 RID.277 33 01000 44 01111 GGGGGGGGGG
2 RID.278 47 00100 53 000 GGGGGGGG
2 RID.279 42 0010 16 000100 GGGGGGGGGG
2 RID.280 9 00100 21 0011111 GGGGGGGGGGGG
2 RID.281 41 011 14 10100 GGGGGGGG
2 RID.282 14 00101 35 10000 GGGGGGGGGG
2 RID.283 49 1000 52 000 GGGGGGG
2 RID.284 46 00000 56 00000 GGGGGGGGGG
2 RID.285 52 000 46 00010 GGGGGGGG
2 RID.286 46 00010 44 01110 GGGGGGGGGG
2 RID.287 47 10111 42 1000 GGGGGGGGG
2 RID.288 44 000000 38 0000 GGGGGGGGGG
2 RID.289 23 11110011 13 1101 GGGGGGGGGGGG
2 RID.290 42 00000 55 01100 GGGGGGGGGG
2 RID.291 41 010 51 0000 GGGGGGG
2 RID.292 42 1110011 42 1000 GGGGGGGGGGG
2 RID.293 52 000 46 00000 GGGGGGGG
2 RID.294 49 100 42 00000 GGGGGGGG
2 RID.295 42 0000 44 0000110 GGGGGGGGGGG
2 RID.296 46 00011 46 11011 GGGGGGGGGG
2 RID.297 46 00010 55 011 GGGGGGGG
2 RID.298 46 00000 35 000000 GGGGGGGGGGG
2 RID.299 49 1000 48 0100 GGGGGGGG
2 RID.300 49 1000 42 01 GGGGGG
2 RID.301 13 00010 29 011100 GGGGGGGGGGG
2 RID.302 10 010000 19 0000111 GGGGGGGGGGGGG
2 RID.303 53 00 46 00000 GGGGGGG
2 RID.304 42 0100 50 0000 GGGGGGGG
2 RID.305 46 00010 46 000100 GGGGGGGGGGG
2 RID.306 44 0000110 37 00010 GGGGGGGGGGGG
2 RID.307 44 000011 58 100 GGGGGGGGG
2 RID.308 10 000000 17 001001 GGGGGGGGGGGG
2 RID.309 42 0010 49 000 GGGGGGG
2 RID.310 46 00010 39 010 GGGGGGGG
2 RID.311 46 010111 39 110 GGGGGGGGG
2 RID.312 55 0 42 00000 GGGGGG
2 RID.313 32 000000 42 000000 GGGGGGGGGGGG
2 RID.314 49 0000 44 00000 GGGGGGGGG
2 RID.315 38 0000 44 00000 GGGGGGGGG
2 RID.316 7 100000 18 00111 GGGGGGGGGGG
2 RID.317 36 110110 44 000001 GGGGGGGGGGGG
2 RID.318 39 110 45 000010 GGGGGGGGG
2 RID.319 10 000000 14 0000 GGGGGGGGGG
2 RID.320 47 00100 46 00010 GGGGGGGGGG
2 RID.321 46 000100 42 0010000 GGGGGGGGGGGGG
2 RID.322 51 0000 46 001100 GGGGGGGGGG
2 RID.323 46 10010 49 000 GGGGGGGG
2 RID.324 13 00010 16 000100 GGGGGGGGGGG
2 RID.325 17 00100 2 011 GGGGGGGG
2 RID.326 22 0111111 13 10010 GGGGGGGGGGGG
2 RID.327 44 000001 42 1000 GGGGGGGGGG
2 RID.328 21 00000000 10 000000 GGGGGGGGGGGGGG
2 RID.329 57 1100 44 000001 GGGGGGGGGG
2 RID.330 55 000 41 0 GGGG
2 RID.331 44 0100010 42 01 GGGGGGGGG
2 RID.332 44 0010010 49 0001 GGGGGGGGGGG
2 RID.333 38 0110 44 000001 GGGGGGGGGG
2 RID.334 49 1001 30 1010100 GGGGGGGGGGG
2 RID.335 47 00100 46 000100 GGGGGGGGGGG
2 RID.336 49 1000 38 0010 GGGGGGGG
2 RID.337 43 001000 52 000 GGGGGGGGG
2 RID.338 49 1000 44 00001 GGGGGGGGG
2 RID.339 42 0000 52 001 GGGGGGG
2 RID.340 37 00000 42 00000 GGGGGGGGGG
2 RID.341 42 0000000 22 0000000 GGGGGGGGGGGGGG
2 RID.342 42 0000 49 0000 GGGGGGGG
2 RID.343 41 0 46 000000 GGGGGGG
2 RID.344 14 0110 23 00010111 GGGGGGGGGGGG
2 RID.345 18 01001 7 10010 GGGGGGGGGG
2 RID.346 49 1000 42 01 GGGGGG
2 RID.347 22 00000000 1 000 GGGGGGGGGGG
2 RID.348 8 000110 14 0110 GGGGGGGGGG
2 RID.349 49 0000 44 00000 GGGGGGGGG
2 RID.350 51 0000 32 001011 GGGGGGGGGG
2 RID.351 42 0000 47 00000 GGGGGGGGG
2 RID.352 22 0000000 18 000000 GGGGGGGGGGGGG
2 RID.353 22 00000000 13 00000 GGGGGGGGGGGGG
2 RID.354 58 101 44 10000 GGGGGGGG
2 RID.355 39 110 44 000001 GGGGGGGGG
2 RID.356 47 00100 42 0100 GGGGGGGGG
2 RID.357 16 000000 13 00000 GGGGGGGGGGG
2 RID.358 41 0 48 0100 GGGGG
2 RID.359 42 0000 46 000000 GGGGGGGGGG
2 RID.360 47 00100 37 00110 GGGGGGGGGG
2 RID.361 35 111011 55 111 GGGGGGGGG
2 RID.362 55 1 54 11 GGG
2 RID.363 16 10010 4 00 GGGGGGG
2 RID.364 24 00000000 13 00000 GGGGGGGGGGGGG
2 RID.365 13 0001 24 10010111 GGGGGGGGGGGG
2 RID.366 46 00000 44 000000 GGGGGGGGGGG
2 RID.367 7 000000 17 00000 GGGGGGGGGGG
2 RID.368 44 0000110 49 0000 GGGGGGGGGGG
2 RID.369 23 0000000 13 00000 GGGGGGGGGGGG
2 RID.370 46 00010 44 01110 GGGGGGGGGG
2 RID.371 42 0100 47 00100 GGGGGGGGG
2 RID.372 5 00 17 000000 GGGGGGGG
2 RID.373 42 000000 32 000000 GGGGGGGGGGGG
2 RID.374 46 000100 45 000010 GGGGGGGGGGGG
2 RID.375 49 0000 42 0000 GGGGGGGG
2 RID.376 42 0000110 52 001 GGGGGGGGGG
2 RID.377 43 000000 56 00101 GGGGGGGGGGG
2 RID.378 44 000001 35 11110 GGGGGGGGGGG
2 RID.379 30 000000 13 00000 GGGGGGGGGGG
2 RID.380 44 000000 35 000000 GGGGGGGGGGGG
2 RID.381 16 000000 13 0000 GGGGGGGGGG
2 RID.382 44 11111 44 100001 GGGGGGGGGGG
2 RID.383 42 000000 42 0111 GGGGGGGGGG
2 RID.384 49 100 44 000001 GGGGGGGGG
2 RID.385 38 0000 46 00000 GGGGGGGGG
2 RID.386 52 000 41 011 GGGGGG
2 RID.387 20 00000000 5 00 GGGGGGGGGG
2 RID.388 57 0100 44 000011 GGGGGGGGGG
2 RID.389 17 00000 17 000000 GGGGGGGGGGG
2 RID.390 48 0000 44 000000 GGGGGGGGGG
2 RID.391 49 0000 44 00000 GGGGGGGGG
2 RID.392 44 001101 47 10100 GGGGGGGGGGG
2 RID.393 30 000000 46 000000 GGGGGGGGGGGG
2 RID.394 53 111 41 110 GGGGGG
2 RID.395 53 00 42 0000 GGGGGG
2 RID.396 46 001100 30 01100 GGGGGGGGGGG
2 RID.397 18 000000 14 0000 GGGGGGGGGG
2 RID.398 52 000 44 010001 GGGGGGGGG
2 RID.399 44 000001 55 111 GGGGGGGGG
2 RID.400 16 100100 18 01001 GGGGGGGGGGG
2 RID.401 44 00110 44 001101 GGGGGGGGGGG
2 RID.402 56 00100 42 01 GGGGGGG
2 RID.403 44 000001 42 1000 GGGGGGGGGG
2 RID.404 53 00 46 01011 GGGGGGG
2 RID.405 44 11111 48 1100 GGGGGGGGG
2 RID.406 5 00 24 00000000 GGGGGGGGGG
2 RID.407 7 00000 20 00000000 GGGGGGGGGGGGG
2 RID.408 38 0110 44 000001 GGGGGGGGGG
2 RID.409 17 000000 14 0000 GGGGGGGGGG
2 RID.410 17 10111 5 10 GGGGGGG
2 RID.411 42 01 44 1100010 GGGGGGGGG
2 RID.412 46 000100 55 0001 GGGGGGGGGG
2 RID.413 44 000000 38 0000 GGGGGGGGGG
2 RID.414 52 000 48 0100 GGGGGGG
2 RID.415 49 1000 52 010 GGGGGGG
2 RID.416 44 000001 42 1110 GGGGGGGGGG
2 RID.417 7 000000 18 000000 GGGGGGGGGGGG
2 RID.418 44 001101 51 1000 GGGGGGGGGG
2 RID.419 40 10 51 000 GGGGG
2 RID.420 44 10111 53 111 GGGGGGGG
2 RID.421 55 01110 41 0 GGGGGG
2 RID.422 6 1100 18 01000 GGGGGGGGG
2 RID.423 26 000111 17 10111 GGGGGGGGGGG
2 RID.424 16 100100 21 0111111 GGGGGGGGGGGGG
2 RID.425 47 00100 44 000001 GGGGGGGGGGG
2 RID.426 46 00010 50 0001 GGGGGGGGG
2 RID.427 47 00100 42 0111 GGGGGGGGG
2 RID.428 44 00110 49 000 GGGGGGGG
2 RID.429 42 0000 48 0100 GGGGGGGG
2 RID.430 55 0 49 000 GGGG
2 RID.431 41 0 44 000001 GGGGGGG
2 RID.432 50 0000 42 0000000 GGGGGGGGGGG
2 RID.433 56 10101 43 100000 GGGGGGGGGGG
2 RID.434 44 000001 41 110 GGGGGGGGG
2 RID.435 8 000000 18 000000 GGGGGGGGGGGG
2 RID.436 49 1001 44 101001 GGGGGGGGGG
2 RID.437 16 110111 5 10 GGGGGGGG
2 RID.438 44 0000010 44 00000 GGGGGGGGGGGG
2 RID.439 17 00100 7 000100 GGGGGGGGGGG
2 RID.440 49 1110 44 001101 GGGGGGGGGG
2 RID.441 44 100001 46 100100 GGGGGGGGGGGG
2 RID.442 42 10 47 00100 GGGGGGG
2 RID.443 35 11110 51 0000 GGGGGGGGG
2 RID.444 18 0100111 8 100000 GGGGGGGGGGGGG
2 RID.445 5 00 23 01110000 GGGGGGGGGG
2 RID.446 42 0000 46 000100 GGGGGGGGGG
2 RID.447 22 0000000 7 000000 GGGGGGGGGGGGG
2 RID.448 4 10 17 01100 GGGGGGG
2 RID.449 42 0010 55 0 GGGGG
2 RID.450 52 000 42 00000 GGGGGGGG
2 RID.451 47 00100 55 011 GGGGGGGG
2 RID.452 41 111 42 1001000 GGGGGGGGGG
2 RID.453 52 000 42 00000 GGGGGGGG
2 RID.454 32 101111 13 1001 GGGGGGGGGG
2 RID.455 42 00000 52 000 GGGGGGGG
2 RID.456 24 00000000 46 00000 GGGGGGGGGGGGG
2 RID.457 17 001001 32 111111 GGGGGGGGGGGG
2 RID.458 42 1011 52 100 GGGGGGG
2 RID.459 32 100000 41 010 GGGGGGGGG
2 RID.460 14 00100 18 010010 GGGGGGGGGGG
2 RID.461 48 0000 42 00000 GGGGGGGGG
2 RID.462 13 00000 13 0000 GGGGGGGGG
2 RID.463 50 000 42 0001 GGGGGGG
2 RID.464 47 00000 44 00000 GGGGGGGGGG
2 RID.465 42 0001 49 1000 GGGGGGGG
2 RID.466 46 001100 46 00110 GGGGGGGGGGG
2 RID.467 42 00000 45 000010 GGGGGGGGGGG
2 RID.468 53 00 45 011011 GGGGGGGG
2 RID.469 49 1000 44 00000 GGGGGGGGG
2 RID.470 55 011 42 1100 GGGGGGG
2 RID.471 38 1010 51 0000 GGGGGGGG
2 RID.472 46 000100 44 0000010 GGGGGGGGGGGGG
2 RID.473 53 001 44 101001 GGGGGGGGG
2 RID.474 44 00110 44 00110 GGGGGGGGGG
2 RID.475 47 00100 42 0100000 GGGGGGGGGGGG
2 RID.476 24 00000000 5 00 GGGGGGGGGG
2 RID.477 6 0100 17 00100 GGGGGGGGG
2 RID.478 42 0111 52 100 GGGGGGG
2 RID.479 13 00000 22 00000000 GGGGGGGGGGGGG
2 RID.480 52 010 61 0 GGGG
2 RID.481 46 000100 42 000000 GGGGGGGGGGGG
2 RID.482 42 0000 49 0000 GGGGGGGG
2 RID.483 44 001101 36 11011 GGGGGGGGGGG
2 RID.484 47 00100 44 0000010 GGGGGGGGGGGG
2 RID.485 23 100010111 7 111010 GGGGGGGGGGGGGGG
2 RID.486 55 110 47 00100 GGGGGGGG
2 RID.487 52 000 49 0001 GGGGGGG
2 RID.488 11 000000 24 00000000 GGGGGGGGGGGGGG
2 RID.489 17 00100 14 01100 GGGGGGGGGG
2 RID.490 49 1000 44 0000110 GGGGGGGGGGG
2 RID.491 18 0100011 11 100001 GGGGGGGGGGGGG
2 RID.492 42 000 56 0100 GGGGGGG
2 RID.493 48 0100 46 00010 GGGGGGGGG
2 RID.494 12 10011 7 100011 GGGGGGGGGGG
2 RID.495 19 11101111 12 11101 GGGGGGGGGGGGG
2 RID.496 30 00000 13 0000 GGGGGGGGG
2 RID.497 42 0011 46 110111 GGGGGGGGGG
2 RID.498 37 00010 44 0000010 GGGGGGGGGGGG
2 RID.499 55 110 35 01101 GGGGGGGG
2 RID.500 16 1101 9 10101 GGGGGGGGG
2 RID.501 44 0000000 52 000 GGGGGGGGGG
2 RID.502 38 0110 47 00100 GGGGGGGGG
2 RID.503 42 000010 51 0100 GGGGGGGGGG
2 RID.504 8 000000 28 000000 GGGGGGGGGGGG
2 RID.505 46 00010 55 011 GGGGGGGG
2 RID.506 49 1000 35 000001 GGGGGGGGGG
2 RID.507 55 00 42 00 GGGG
2 RID.508 49 1000 46 000100 GGGGGGGGGG
2 RID.509 16 0000 25 0000000 GGGGGGGGGGG
2 RID.510 39 110 50 000 GGGGGG
2 RID.511 55 110 47 00100 GGGGGGGG
2 RID.512 46 000100 42 000000 GGGGGGGGGGGG
2 RID.513 49 1000 44 00000 GGGGGGGGG
2 RID.514 46 000100 47 00100 GGGGGGGGGGG
2 RID.515 55 00 44 00000 GGGGGGG
2 RID.516 46 000100 55 01 GGGGGGGG
2 RID.517 11 000000 21 0000000 GGGGGGGGGGGGG
2 RID.518 42 0000 46 00010 GGGGGGGGG
2 RID.519 42 00100 44 0000010 GGGGGGGGGGGG
2 RID.520 46 001100 42 0000 GGGGGGGGGG
2 RID.521 18 010101 14 1011 GGGGGGGGGG
2 RID.522 46 00000 52 000 GGGGGGGG
2 RID.523 46 000100 41 011 GGGGGGGGG
2 RID.524 49 0000 46 000000 GGGGGGGGGG
2 RID.525 4 00 17 000000 GGGGGGGG
2 RID.526 9 01000 18 010010 GGGGGGGGGGG
2 RID.527 44 100001 55 1 GGGGGGG
2 RID.528 12 00000 28 0000000 GGGGGGGGGGGG
2 RID.529 18 11000 7 000 GGGGGGGG
2 RID.530 46 11011 42 1000110 GGGGGGGGGGGG
2 RID.531 41 011 47 10100 GGGGGGGG
2 RID.532 44 11111 58 100 GGGGGGGG
2 RID.533 28 1111100 14 0011 GGGGGGGGGGG
2 RID.534 44 0000010 55 01100 GGGGGGGGGGGG
2 RID.535 47 00100 32 001000 GGGGGGGGGGG
2 RID.536 42 0000 50 001 GGGGGGG
2 RID.537 44 000001 42 10000 GGGGGGGGGGG
2 RID.538 46 00010 51 0000 GGGGGGGGG
2 RID.539 49 100 58 010 GGGGGG
2 RID.540 47 00100 53 00 GGGGGGG
2 RID.541 18 01010 23 011111111 GGGGGGGGGGGGGG
2 RID.542 44 001001 38 1110 GGGGGGGGGG
2 RID.543 49 1000 38 0110 GGGGGGGG
2 RID.544 16 100100 17 01111 GGGGGGGGGGG
2 RID.545 41 011 61 1 GGGG
2 RID.546 47 00100 44 01011 GGGGGGGGGG
2 RID.547 17 00000 7 000000 GGGGGGGGGGG
2 RID.548 49 1110 44 01110 GGGGGGGGG
2 RID.549 5 00 16 000000 GGGGGGGG
2 RID.550 24 10010111 9 10100 GGGGGGGGGGGGG
2 RID.551 13 0000 21 0000000 GGGGGGGGGGG
2 RID.552 26 0011111 13 11011 GGGGGGGGGGGG
2 RID.553 55 1 46 10010 GGGGGG
2 RID.554 44 000000 61 0 GGGGGGG
2 RID.555 14 00100 41 011 GGGGGGGG
2 RID.556 17 111111 24 10000111 GGGGGGGGGGGGGG
2 RID.557 14 0000 17 000000 GGGGGGGGGG
2 RID.558 14 00100 29 011100 GGGGGGGGGGG
2 RID.559 49 1000 46 000100 GGGGGGGGGG
2 RID.560 18 00000 14 0000 GGGGGGGGG
2 RID.561 52 000 49 000 GGGGGG
2 RID.562 47 01100 57 0100 GGGGGGGGG
2 RID.563 51 0000 44 010001 GGGGGGGGGG
2 RID.564 42 0000000 41 0 GGGGGGGG
2 RID.565 42 0000 46 000100 GGGGGGGGGG
2 RID.566 16 011101 7 100000 GGGGGGGGGGGG
2 RID.567 7 100000 18 00111 GGGGGGGGGGG
2 RID.568 50 000 46 00000 GGGGGGGG
2 RID.569 42 0000100 52 000 GGGGGGGGGG
2 RID.570 61 1 49 0000 GGGGG
2 RID.571 44 11110 55 0 GGGGGG
2 RID.572 22 01111111 17 111000 GGGGGGGGGGGGGG
2 RID.573 46 00110 22 0111111 GGGGGGGGGGGG
2 RID.574 42 0000000 41 0 GGGGGGGG
2 RID.575 42 0000 51 0000 GGGGGGGG
2 RID.576 42 0000 44 000001 GGGGGGGGGG
2 RID.577 6 01 18 110001 GGGGGGGG
2 RID.578 41 111 44 110001 GGGGGGGGG
2 RID.579 44 00000 47 00100 GGGGGGGGGG
2 RID.580 20 00011111 14 10111 GGGGGGGGGGGGG
2 RID.581 49 1000 51 0000 GGGGGGGG
2 RID.582 42 1110 44 000001 GGGGGGGGGG
2 RID.583 42 0100000 29 011100 GGGGGGGGGGGGG
2 RID.584 16 000000 35 000000 GGGGGGGGGGGG
2 RID.585 38 0110 43 010000 GGGGGGGGGG
2 RID.586 47 00100 32 001000 GGGGGGGGGGG
2 RID.587 58 100 49 000 GGGGGG
2 RID.588 17 10101 30 11100 GGGGGGGGGG
2 RID.589 21 0011111 9 10100 GGGGGGGGGGGG
2 RID.590 55 0001 46 100100 GGGGGGGGGG
2 RID.591 53 000 46 00010 GGGGGGGG
2 RID.592 55 011 52 100 GGGGGG
2 RID.593 44 0000010 51 0010 GGGGGGGGGGG
2 RID.594 61 0 55 011 GGGG
2 RID.595 16 110111 18 11110 GGGGGGGGGGG
2 RID.596 6 11 18 110001 GGGGGGGG
2 RID.597 16 00000 24 00000000 GGGGGGGGGGGGG
2 RID.598 52 000 38 0000 GGGGGGG
2 RID.599 14 0000 17 000000 GGGGGGGGGG
2 RID.600 42 1000 51 0000 GGGGGGGG
2 RID.601 57 1100 55 0 GGGGG
2 RID.602 21 00000000 10 000000 GGGGGGGGGGGGGG
2 RID.603 44 0000010 44 00000 GGGGGGGGGGGG
2 RID.604 18 010101 14 1011 GGGGGGGGGG
2 RID.605 17 00100 17 01111 GGGGGGGGGG
2 RID.606 16 000000 25 0000000 GGGGGGGGGGGGG
2 RID.607 30 011010 44 01000 GGGGGGGGGGG
2 RID.608 17 011000 24 00110111 GGGGGGGGGGGGGG
2 RID.609 30 1101100 42 0000110 GGGGGGGGGGGGGG
2 RID.610 53 111 42 1000 GGGGGGG
2 RID.611 10 000000 28 0000000 GGGGGGGGGGGGG
2 RID.612 42 0000 44 000000 GGGGGGGGGG
2 RID.613 44 11111 47 10100 GGGGGGGGGG
2 RID.614 42 1110 44 00011 GGGGGGGGG
2 RID.615 23 0111111 14 1011 GGGGGGGGGGG
2 RID.616 16 110111 18 11011 GGGGGGGGGGG
2 RID.617 42 0000 47 00000 GGGGGGGGG
2 RID.618 49 100 42 0000 GGGGGGG
2 RID.619 53 00 42 00000 GGGGGGG
2 RID.620 16 000000 25 0000000 GGGGGGGGGGGGG
2 RID.621 19 1001111 7 101110 GGGGGGGGGGGGG
2 RID.622 32 000000 55 0 GGGGGGG
2 RID.623 37 10110 44 010001 GGGGGGGGGGG
2 RID.624 42 11 46 100100 GGGGGGGG
2 RID.625 47 00100 44 000001 GGGGGGGGGGG
2 RID.626 24 00000111 14 10100 GGGGGGGGGGGGG
2 RID.627 47 10111 41 1 GGGGGG
2 RID.628 30 000000 14 00000 GGGGGGGGGGG
2 RID.629 44 00110 49 0000 GGGGGGGGG
2 RID.630 49 100 42 0010000 GGGGGGGGGG
2 RID.631 27 000000 14 000000 GGGGGGGGGGGG
2 RID.632 32 101000 17 00100 GGGGGGGGGGG
2 RID.633 22 00000000 7 000000 GGGGGGGGGGGGGG
2 RID.634 49 1000 49 0000 GGGGGGGG
2 RID.635 7 100000 16 000100 GGGGGGGGGGGG
2 RID.636 44 000000 51 0000 GGGGGGGGGG
2 RID.637 41 0 49 0000 GGGGG
2 RID.638 53 00 49 0000 GGGGGG
2 RID.639 44 000001 48 1100 GGGGGGGGGG
2 RID.640 46 00000 42 00 GGGGGGG
2 RID.641 10 010000 19 0000111 GGGGGGGGGGGGG
2 RID.642 42 11 42 10 GGGG
2 RID.643 49 100 42 0010000 GGGGGGGGGG
2 RID.644 29 111100 13 00010 GGGGGGGGGGG
2 RID.645 57 0000 44 00000 GGGGGGGGG
2 RID.646 42 00000 55 01100 GGGGGGGGGG
2 RID.647 52 000 44 000001 GGGGGGGGG
