Number of Haplotypes 36
2   RID.0 3  10000100 19 0010000100010 
2   RID.1 5  000010 14 0000000000000 
2   RID.2 8  000000 33 0000 
2   RID.3 16  0000100010000 8 000000 
2   RID.4 9  110011 2 1 
1   RID.5 11  01000000 
2   RID.6 17  0110100100000 8 000001 
2   RID.7 8  001000 17 0000010010000 
2   RID.8 19  0000000000000 2 0 
2   RID.9 3  00000000 30 00000 
2   RID.10 30  00000 8 000000 
2   RID.11 20  001001000001 11 10001100 
2   RID.12 28  0000 11 0100001 
2   RID.13 9  000000 8 000000 
2   RID.14 11  010000100 3 00000010 
2   RID.15 20  000000000100 3 00101110 
2   RID.16 32  00100 3 00000000 
2   RID.17 8  01001 1 1 
2   RID.18 3  00110001 20 101001000001 
2   RID.19 7  0010 14 000000000 
2   RID.20 9  000000 8 000000 
2   RID.21 1  1 11 01000010 
2   RID.22 17  0000000000001 3 11111111 
2   RID.23 8  000000 17 0000000000000 
2   RID.24 20  010000100010 3 00000100 
2   RID.25 8  000001 17 1110100100000 
2   RID.26 9  10010 19 0000000010000 
2   RID.27 17  0101101110111 3 10000111 
2   RID.28 8  100001 16 10000100001000 
2   RID.29 29  01011 8 10100 
2   RID.30 19  010001000000 7 01000 
2   RID.31 8  001000 17 0000010010000 
2   RID.32 19  0000000010000 9 00010 
2   RID.33 8  01011 35 11 
2   RID.34 8  000000 3 00000000 
2   RID.35 3  00000010 15 0000000000000 
2   RID.36 14  00000000000000 3 01101111 
2   RID.37 15  0000000000000 3 00000010 
2   RID.38 9  000000 30 00000 
2   RID.39 9  000010 3 00000100 
2   RID.40 5  000010 14 0000000000000 
2   RID.41 5  000010 14 0000000000000 
2   RID.42 14  000000000 3 01011011 
2   RID.43 9  10110 17 0000000000000 
2   RID.44 18  001000100000 9 00000 
2   RID.45 3  00110001 20 101001000001 
2   RID.46 5  011001 16 1000000000000 
2   RID.47 16  0000000000000 2 0 
2   RID.48 3  00000010 11 01000 
2   RID.49 3  00011001 20 100000000010 
