126
21
2   RID.0 6  01 6 1 
2   RID.1 6  0 6 1 
2   RID.2 6  0 4 10 
2   RID.3 4  01 6 1 
2   RID.4 7  001 4 1 
2   RID.5 6  0 8 1110 
2   RID.6 3  1 7 00 
2   RID.7 6  0 8 011 
1   RID.8 10  001 
2   RID.9 10  100 6 0 
2   RID.10 8  011 6 11 
2   RID.11 4  00 7 001 
2   RID.12 3  0 7 11 
2   RID.13 4  00 8 011 
2   RID.14 7  00 6 0 
2   RID.15 6  0 5 0 
1   RID.16 7  10 
2   RID.17 4  00 6 0 
2   RID.18 6  1 4 00 
2   RID.19 6  0 6 0 
2   RID.20 4  01 7 1 
2   RID.21 4  01 9 110 
1   RID.22 6  0 
2   RID.23 7  0 4 00 
2   RID.24 6  10 8 011 
2   RID.25 5  0 6 1 
2   RID.26 6  01 4 10 
2   RID.27 14  110000 6 0 
2   RID.28 7  00 6 0 
2   RID.29 6  0 5 0 
2   RID.30 4  00 7 011 
2   RID.31 8  011 6 1 
2   RID.32 7  00 4 00 
1   RID.33 6  10 
2   RID.34 14  000111 6 1 
2   RID.35 4  0 10 110 
2   RID.36 6  0 7 001 
2   RID.37 4  01 9 1100 
2   RID.38 6  0 7 011 
2   RID.39 8  111 6 10 
2   RID.40 6  0 5 0 
2   RID.41 6  0 6 0 
2   RID.42 6  0 1 111 
2   RID.43 7  001 6 1 
2   RID.44 7  1 4 10 
2   RID.45 7  001 6 11 
2   RID.46 15  01011 20 1 
2   RID.47 6  01 7 101 
2   RID.48 6  0 4 11 
2   RID.49 6  0 4 1 
2   RID.50 10  000 6 0 
2   RID.51 6  0 10 000 
2   RID.52 5  1 7 00 
2   RID.53 10  010 6 0 
2   RID.54 6  0 7 011 
2   RID.55 6  0 7 111 
1   RID.56 6  1 
2   RID.57 6  00 7 01 
2   RID.58 6  00 5 00 
1   RID.59 6 00 
2   RID.60 6  1 6 0 
2   RID.61 7  011 4 1 
2   RID.62 1  011 7 10 
2   RID.63 4  01 6 11 
2   RID.64 3  0 6 10 
1   RID.65 6 0 
1   RID.66 10  001 
2   RID.67 11  001111 4 10 
2   RID.68 4  10 6 00 
2   RID.69 6  0 4 01 
2   RID.70 6  01 7 101 
2   RID.71 6  0 7 101 
2   RID.72 7  001 6 1 
2   RID.73 5  00 10 001 
2   RID.74 8  011 4 10 
2   RID.75 11  001111 4 1 
1   RID.76 9  1110 
2   RID.77 6  01 15 11011 
2   RID.78 10  010 4 00 
1   RID.79 7  001 
2   RID.80 7  10 3 0 
2   RID.81 9  110 6 00 
2   RID.82 6  01 4 10 
2   RID.83 10  001 4 10 
1   RID.84 6  1 
2   RID.85 6  1 1 01 
2   RID.86 4  00 6 01 
2   RID.87 4  00 6 01 
2   RID.88 4  01 6 1 
2   RID.89 7  0011 4 10 
2   RID.90 4  01 6 11 
2   RID.91 7  011 6 1 
2   RID.92 4  01 6 1 
2   RID.93 9  0001 6 1 
2   RID.94 7  01 6 1 
2   RID.95 4  10 15 00011 
1   RID.96 11 1011 
2   RID.97 11  001 6 10 
2   RID.98 3  1 7 00 
2   RID.99 6  10 12 01111 
2   RID.100 4  00 7 001 
2   RID.101 6  0 12 11001 
2   RID.102 6  1 3 1 
2   RID.103 4  10 7 00 
2   RID.104 7  011 4 10 
2   RID.105 2  00 6 0 
1   RID.106 9 0110 
2   RID.107 4  00 8 011 
2   RID.108 4  10 8 011 
2   RID.109 6  1 1 01 
2   RID.110 6  0 7 1 
2   RID.111 5  00 7 01 
2   RID.112 4  1 6 1 
2   RID.113 6  00 5 0 
2   RID.114 4  00 7 011 
2   RID.115 5  00 7 00 
2   RID.116 7  10 4 00 
1   RID.117 8  011 
2   RID.118 3  0 2 10 
2   RID.119 6  0 7 001 
2   RID.120 6  0 4 1 
2   RID.121 10  010 6 0 
2   RID.122 7  001 6 1 
2   RID.123 4  00 6 0 
2   RID.124 4  10 15 00011 
1   RID.125 6 1 
