Number of Haplotypes 21
2   RID.0 14  101000 15 01000 
2   RID.1 14  0001 13 1 
2   RID.2 10  0011 19 1 
2   RID.3 10  1000 14 000011 
2   RID.4 19  0 13 1 
1   RID.5 10 1100 
1   RID.6 14  100011 
2   RID.7 14  100011 14 100 
2   RID.8 14  11010 3 0010100 
2   RID.9 10  0011 19 1 
2   RID.10 14  101000 9 00011 
2   RID.11 11  011 14 101000 
2   RID.12 11  000 14 00000 
2   RID.13 1  0000 14 0 
2   RID.14 6  00000100 15 00000 
2   RID.15 20  00 14 01000 
2   RID.16 14  101000 1 10 
2   RID.17 14  1010 14 001000 
2   RID.18 14  101 10 1011 
2   RID.19 14  10001 14 100011 
2   RID.20 14  010000 14 01000 
2   RID.21 10  1000 19 0 
2   RID.22 1  01 14 11000 
1   RID.23 14 000011 
2   RID.24 10  0000 14 000000 
2   RID.25 10  0000 19 0 
2   RID.26 1  01 11 100 
2   RID.27 14  01000 11 000 
1   RID.28 5  00010000 
2   RID.29 5  11000001 14 10100 
1   RID.30 5  00010000 
2   RID.31 1  01 19 1 
2   RID.32 14  101000 14 00100 
2   RID.33 2  000101 18 11 
1   RID.34 3 1000000010 
2   RID.35 1  00 14 001000 
2   RID.36 13  1 14 001000 
2   RID.37 14  000100 10 0000 
2   RID.38 10  0011 20 1 
1   RID.39 13  0 
2   RID.40 14  101 14 101000 
2   RID.41 14  100011 14 10001 
2   RID.42 15  00000 14 0000 
2   RID.43 14  101000 14 00100 
2   RID.44 14  100011 11 100 
2   RID.45 14  10100 10 0011 
2   RID.46 20  1 14 1000 
2   RID.47 4  000010000 21 0 
2   RID.48 10  1000 14 00001 
2   RID.49 14  010000 10 0100 
2   RID.50 14  100011 14 11111 
1   RID.51 13  0 
2   RID.52 14  101000 18 00 
2   RID.53 18  00 3 0000010000 
2   RID.54 20  0 5 010010011 
2   RID.55 14  10100 14 00111 
2   RID.56 3  0000010 14 00000 
2   RID.57 20  0 10 0011 
2   RID.58 14  010000 3 0000000 
1   RID.59 14 010000 
2   RID.60 14  000000 17 000 
1   RID.61 14 00100 
2   RID.62 14  000100 14 0001 
2   RID.63 14  000100 10 0000 
2   RID.64 10  1000 14 000011 
2   RID.65 14  10100 14 001000 
2   RID.66 10  0011 19 1 
2   RID.67 14  1 13 1 
2   RID.68 20  01 11 111 
2   RID.69 2  0010 14 00100 
1   RID.70 14  10100 
2   RID.71 14  10100 5 010000011 
