Number of Haplotypes 26
2   RID.0 8  00 14 0001 
1   RID.1 11  0010 
2   RID.2 12  00011 14 1110 
1   RID.3 18  0000 
1   RID.4 11 0100 
2   RID.5 14  0010 11 000 
2   RID.6 10  1111 15 110 
2   RID.7 12  00011 10 1000 
2   RID.8 17  1 10 0001 
2   RID.9 11  001 4 111010 
2   RID.10 10  1000 14 0110 
2   RID.11 18  11 13 1001 
2   RID.12 10  0111 21 100 
1   RID.13 20 000 
2   RID.14 12  00011 18 1000 
2   RID.15 11  000 21 011 
2   RID.16 10  11 14 1010 
2   RID.17 23  0111 12 11000 
2   RID.18 11  000 11 0000 
2   RID.19 18  11 10 1 
2   RID.20 17  0 10 1 
2   RID.21 11  1110 14 0000 
2   RID.22 14  0010 11 0100 
2   RID.23 14  0110 4 000011 
2   RID.24 17  0 3 11111 
2   RID.25 17  0 13 1100 
2   RID.26 14  1000 11 0001 
2   RID.27 1  10 11 0000 
2   RID.28 18  11 11 1000 
2   RID.29 10  1001 18 11 
1   RID.30 11 1100 
2   RID.31 14  0010 10 0000 
2   RID.32 11  0000 11 0101 
1   RID.33 12 1100 
2   RID.34 16  10 4 010011 
2   RID.35 11  0000 17 0 
2   RID.36 14  1000 10 01 
2   RID.37 11  010 22 00 
2   RID.38 12  0000 11 011 
2   RID.39 12  0100 8 00 
2   RID.40 10  01 11 10010 
2   RID.41 10  011 18 1000 
2   RID.42 12  01000 9 0 
2   RID.43 10  1 17 0 
2   RID.44 11  0100 10 00 
2   RID.45 9  1 12 0000 
2   RID.46 11  110 24 011 
2   RID.47 14  0110 10 0000 
1   RID.48 12  0100 
2   RID.49 14  1000 10 01 
2   RID.50 14  0010 11 001 
2   RID.51 12  00011 18 1000 
2   RID.52 20  000 10 0010 
2   RID.53 10  00 10 0000 
2   RID.54 12  0000 11 000 
2   RID.55 11  101 14 1010 
2   RID.56 19  0110 11 0000 
2   RID.57 15  010 12 00001 
2   RID.58 11  0000 18 0111 
2   RID.59 18  1111 11 101 
2   RID.60 17  0 13 1011 
2   RID.61 1  111 13 1001 
2   RID.62 11  10010 10 01 
2   RID.63 15  010 11 0000 
2   RID.64 4  000011 14 1110 
2   RID.65 11  000 14 0110 
2   RID.66 1  111 11 1000 
2   RID.67 12  00100 18 011 
2   RID.68 18  10111 12 11000 
2   RID.69 23  0010 10 0 
2   RID.70 18  11 10 1001 
2   RID.71 21  000 11 010 
1   RID.72 10 0010 
2   RID.73 14  0001 11 1010 
2   RID.74 10  01 12 10100 
2   RID.75 11  0000 11 0000 
2   RID.76 12  10001 22 100 
2   RID.77 13  0001 10 1000 
2   RID.78 17  0 12 00001 
1   RID.79 11 1000 
2   RID.80 14  0010 4 011111 
2   RID.81 14  0001 13 1000 
2   RID.82 18  11111 8 10 
1   RID.83 13  0001 
2   RID.84 10  01 12 10100 
2   RID.85 12  00011 18 1000 
2   RID.86 18  10001 13 1011 
1   RID.87 13 1001 
1   RID.88 12 10011 
2   RID.89 12  0000 12 01110 
2   RID.90 23  1111 18 1111 
1   RID.91 17  0 
2   RID.92 1  10111 18 11 
