180
39
2   RID.0 9  01011 19 10 
2   RID.1 34  1001 29 11110 
2   RID.2 32  10111 31 1101 
2   RID.3 32  000010 34 0010 
2   RID.4 29  11 34 1101 
1   RID.5 33 11111 
2   RID.6 13  1 12 11 
2   RID.7 29  11101 29 10000 
2   RID.8 15  11000 13 0 
2   RID.9 7  01100 17 011 
2   RID.10 29  1000 20 001 
1   RID.11 29  00010 
2   RID.12 28  011 28 110 
2   RID.13 13  0 6 000 
2   RID.14 9  01011 14 10001 
2   RID.15 14  0 14 10001 
2   RID.16 13  0 14 1110 
2   RID.17 4  0010 13 0 
2   RID.18 9  0101 13 1 
2   RID.19 6  001 14 10 
2   RID.20 38  11 26 110 
2   RID.21 14  0000 14 0 
2   RID.22 13  0 14 0110 
2   RID.23 14  0 12 00 
2   RID.24 14  1 13 0 
2   RID.25 8  00010 14 0110 
2   RID.26 31  0000 29 00000 
2   RID.27 13  0 9 00100 
2   RID.28 13  0 6 001 
2   RID.29 32  000010 35 010 
2   RID.30 25  1100 32 001111 
2   RID.31 14  0000 14 0 
2   RID.32 32  10111 32 101111 
2   RID.33 9  1001 16 1011 
2   RID.34 26  100 14 0 
2   RID.35 13  1 2 0000 
2   RID.36 20  100 14 0 
2   RID.37 32  000010 30 0000 
2   RID.38 29  11 34 1101 
2   RID.39 2  1110 13 0 
2   RID.40 14  0 18 00 
2   RID.41 28  0 29 00000 
2   RID.42 14  0 14 000 
2   RID.43 10  0000 14 01110 
2   RID.44 35  001 32 10111 
2   RID.45 9  0000 14 0 
2   RID.46 30  0000 34 0010 
1   RID.47 31  1101 
2   RID.48 13  0 9 1001 
2   RID.49 9  10011 14 100 
2   RID.50 22  0001 33 11001 
2   RID.51 14  0 14 100 
2   RID.52 28  0 31 010111 
2   RID.53 14  0111 15 11100 
1   RID.54 29 0111 
2   RID.55 16  1100 6 010 
2   RID.56 22  0001 31 1101 
2   RID.57 10  0100 14 0110 
2   RID.58 13  0 14 01 
2   RID.59 31  0000 28 01 
2   RID.60 13  1 14 10001 
2   RID.61 13  0 14 1 
2   RID.62 13  0 14 1 
2   RID.63 32  101111 34 1001 
2   RID.64 14  1 9 1010 
2   RID.65 14  0 9 0101 
2   RID.66 25  100 33 01101 
2   RID.67 16  0010 8 00101 
2   RID.68 19  01 14 11 
2   RID.69 13  0 15 11100 
2   RID.70 13  1 10 0011 
2   RID.71 14  00001 7 111 
2   RID.72 10  1011 14 1000 
2   RID.73 22  0001 35 101 
2   RID.74 13  0 9 1010 
2   RID.75 14  00 17 010 
2   RID.76 32  00001 28 110 
2   RID.77 29  1000 35 010 
1   RID.78 32 00111 
2   RID.79 13  0 4 1010 
2   RID.80 29  111 32 10111 
2   RID.81 9  0101 14 1 
2   RID.82 28  0 31 10000 
2   RID.83 14  1 9 0010 
2   RID.84 2  1110 14 000 
2   RID.85 6  001 13 1 
2   RID.86 15  11000 14 011 
2   RID.87 29  1110 30 0010 
2   RID.88 2  00 13 0 
2   RID.89 31  0101 29 1101 
2   RID.90 14  0 13 1 
2   RID.91 28  1 28 1 
2   RID.92 31  1101 29 11110 
2   RID.93 32  101111 29 1110 
2   RID.94 21  1000 29 010 
2   RID.95 14  11100 10 0100 
2   RID.96 13  1 2 0000 
2   RID.97 13  1 14 000 
2   RID.98 14  11100 8 00010 
2   RID.99 14  1 13 0 
2   RID.100 13  1 20 01 
2   RID.101 32  10111 29 1111 
2   RID.102 9  1001 16 1011 
2   RID.103 13  0 20 10000 
2   RID.104 8  00000 13 0 
2   RID.105 14  000 13 0 
2   RID.106 14  0 9 0101 
2   RID.107 14  0 15 10010 
2   RID.108 13  1 3 0111 
2   RID.109 29  10000 24 0000 
2   RID.110 14  11 13 1 
2   RID.111 7  01100 20 01 
2   RID.112 6  0100 14 0 
2   RID.113 32  101111 25 1100 
1   RID.114 22  1110 
2   RID.115 4  0010 14 0 
2   RID.116 17  100 14 0 
2   RID.117 9  0010 13 0 
2   RID.118 13  0 7 0000 
1   RID.119 14  111 
2   RID.120 31  0000 33 00010 
2   RID.121 13  1 2 0110 
2   RID.122 29  1110 31 0101 
2   RID.123 36  10 31 01011 
2   RID.124 29  10000 28 0 
2   RID.125 14  0000 12 01 
2   RID.126 14  0 10 1000 
2   RID.127 29  11 31 1101 
2   RID.128 15  00011 7 1110 
2   RID.129 31  1101 29 11 
2   RID.130 31  000001 29 10000 
2   RID.131 17  011 10 1011 
2   RID.132 15  00011 10 1011 
2   RID.133 13  0 6 101 
2   RID.134 13  1 2 10000 
2   RID.135 34  1001 34 1101 
2   RID.136 29  10000 31 0000 
2   RID.137 11  000 13 0 
2   RID.138 32  00001 29 100 
2   RID.139 14  1 6 0100 
2   RID.140 32  10111 31 1101 
2   RID.141 20  01000 14 0 
2   RID.142 15  11100 9 0000 
2   RID.143 14  0 14 000 
2   RID.144 14  0111 13 1 
2   RID.145 13  0 8 10010 
2   RID.146 29  110 34 0101 
2   RID.147 32  000010 35 010 
2   RID.148 14  0 10 0000 
2   RID.149 17  000 14 0 
2   RID.150 14  1 9 0010 
2   RID.151 17  011 10 1011 
2   RID.152 14  0 17 111 
2   RID.153 6  0000 14 000010 
2   RID.154 32  10111 31 1101 
2   RID.155 29  111 33 11001 
2   RID.156 14  0 14 1111 
2   RID.157 29  00010 33 01111 
2   RID.158 18  11 14 1 
2   RID.159 14  0 13 1 
2   RID.160 31  0000 29 000 
2   RID.161 9  0101 20 11000 
2   RID.162 32  10111 25 101 
2   RID.163 28  010 37 0 
1   RID.164 29 00010 
2   RID.165 14  1 18 00 
2   RID.166 9  10011 14 100 
2   RID.167 14  1 13 0 
2   RID.168 29  111 29 11110 
2   RID.169 9  1001 13 1 
2   RID.170 9  00000 13 0 
2   RID.171 13  0 6 001 
2   RID.172 28  011 32 10111 
2   RID.173 28  1 30 1010 
2   RID.174 14  11100 1 10 
2   RID.175 25  100 31 0101 
2   RID.176 28  0 29 10000 
2   RID.177 13  0 9 0001 
2   RID.178 31  1101 29 1111 
2   RID.179 14  0 17 100 
