Number of Haplotypes 32
2   RID.0 31  1 26 10 
2   RID.1 29  11 27 1 
2   RID.2 28  0 31 1 
2   RID.3 16  10 17 00 
1   RID.4 24 0 
2   RID.5 17  00 10 000010 
2   RID.6 16  10 16 00 
2   RID.7 28  1 28 011 
2   RID.8 31  1 28 1 
2   RID.9 28  10 25 01 
2   RID.10 16  111 17 11 
2   RID.11 26  10 28 0 
2   RID.12 19  10 13 0011 
2   RID.13 32  1 25 110 
2   RID.14 16  11 18 1 
1   RID.15 28 1 
2   RID.16 8  11111101 12 11011 
2   RID.17 16  00 16 00 
2   RID.18 8  01101011 17 11 
2   RID.19 16  10 3 01111 
2   RID.20 28  0 31 1 
2   RID.21 25  00 28 001 
2   RID.22 16  00 12 0010 
2   RID.23 28  1 28 001 
2   RID.24 25  100 28 00 
2   RID.25 16  10 9 0111101 
2   RID.26 16  10 19 0 
2   RID.27 28  00 31 0 
2   RID.28 17  00 3 01111 
2   RID.29 18  0 3 11111 
2   RID.30 16  01 16 10 
2   RID.31 13  1011 18 1 
2   RID.32 18  1 1 0011111 
2   RID.33 16  11 13 1011 
1   RID.34 28  000 
2   RID.35 1  1010100 13 0011 
2   RID.36 16  111 2 111111 
2   RID.37 28  0 25 100 
2   RID.38 26  10 28 0 
2   RID.39 28  100 28 0 
2   RID.40 28  00 25 000 
2   RID.41 16  00 1 1010101 
2   RID.42 16  10 8 01111 
2   RID.43 21  11 26 10 
2   RID.44 5  0000 9 0000010 
2   RID.45 8  11111111 18 1 
2   RID.46 31  1 28 11 
2   RID.47 31  1 25 1 
2   RID.48 13  1011 18 1 
2   RID.49 28  001 28 1 
1   RID.50 29  00 
2   RID.51 1  1011011 16 10 
2   RID.52 25  100 28 0 
2   RID.53 13  0100 7 00000 
2   RID.54 28  00 28 0 
2   RID.55 31  1 28 0 
2   RID.56 31  1 28 0 
2   RID.57 16  10 8 01111101 
2   RID.58 14  0110 17 00 
2   RID.59 13  1011 19 11 
2   RID.60 27  0 28 10 
2   RID.61 28  0 26 00 
2   RID.62 16  10 9 0111101 
2   RID.63 3  11111 16 11 
2   RID.64 28  0 32 1 
1   RID.65 2 100000 
2   RID.66 19  1 13 0011 
2   RID.67 28  0 31 1 
2   RID.68 29  00 27 0 
2   RID.69 27  0 30 0 
2   RID.70 18  1 1 0011111 
2   RID.71 27  0 26 10 
2   RID.72 1  1111111 18 1 
2   RID.73 13  0100 9 0000010 
2   RID.74 16  11 18 1 
2   RID.75 16  00 8 0000 
2   RID.76 16  00 16 00 
1   RID.77 28 00 
2   RID.78 18  0 12 0010 
2   RID.79 28  00 25 000 
2   RID.80 12  10110 16 01 
2   RID.81 31  1 28 1 
2   RID.82 31  1 28 1 
2   RID.83 27  0 29 10 
2   RID.84 16  10 16 01 
2   RID.85 31  0 27 1 
2   RID.86 28  0 28 10 
2   RID.87 16  10 9 0111101 
2   RID.88 13  0100 7 00000 
2   RID.89 29  11 25 101 
1   RID.90 16  10 
1   RID.91 25  001 
1   RID.92 31  1 
1   RID.93 28  101 
2   RID.94 31  1 28 11 
2   RID.95 31  1 28 1 
2   RID.96 28  000 32 0 
2   RID.97 28  000 28 0 
2   RID.98 31  01 25 101 
1   RID.99 16 10 
2   RID.100 16  10 17 00 
2   RID.101 1  0001111 12 11011 
2   RID.102 8  01011100 19 01 
2   RID.103 28  1 27 1 
2   RID.104 8  11111101 16 10 
2   RID.105 28  1 28 001 
2   RID.106 29  00 28 0 
1   RID.107 28  1 
2   RID.108 29  11 27 1 
2   RID.109 24  1 29 10 
2   RID.110 17  00 2 001111 
1   RID.111 30 1 
2   RID.112 8  1111 12 11011 
2   RID.113 18  1 8 11111111 
2   RID.114 28  1 25 101 
2   RID.115 28  1 28 1 
2   RID.116 18  1 16 11 
2   RID.117 28  00 28 0 
2   RID.118 25  01 29 10 
2   RID.119 9  0000010 17 00 
2   RID.120 17  00 14 000 
2   RID.121 31  1 26 00 
2   RID.122 16  10 8 0111 
2   RID.123 18  0 9 1000010 
2   RID.124 28  100 25 0 
2   RID.125 25  1 29 00 
2   RID.126 29  00 24 0 
2   RID.127 28  111 27 1 
2   RID.128 31  1 28 1 
2   RID.129 4  00000 16 00 
2   RID.130 28  1 31 0 
