Number of Haplotypes 29
2   RID.0 25  10 17 0111 
2   RID.1 26  0 22 101 
2   RID.2 22  00 24 00 
2   RID.3 12  01 10 110 
2   RID.4 26  0 21 000 
2   RID.5 25  10 27 000 
1   RID.6 1 1 
2   RID.7 12  01 6 1111 
2   RID.8 9  1 10 110 
2   RID.9 10  10 11 01 
2   RID.10 3  0 2 1 
1   RID.11 24  00 
2   RID.12 16  101 25 10 
2   RID.13 9  0 9 01 
2   RID.14 12  10 10 00 
1   RID.15 21 010 
2   RID.16 4  10 12 01 
2   RID.17 13  1 6 101 
2   RID.18 27  0 23 11 
2   RID.19 6  101 11 10 
2   RID.20 11  01 13 1 
2   RID.21 10  10 14 0 
2   RID.22 14  1 12 01 
2   RID.23 24  010 23 00 
2   RID.24 9  0 11 01 
1   RID.25 23  01 
2   RID.26 24  00 18 000 
2   RID.27 10  01 4 10 
2   RID.28 10  101 11 11 
2   RID.29 24  00 21 01 
2   RID.30 27  001 24 10 
1   RID.31 10 00 
2   RID.32 11  10 12 01 
2   RID.33 10  101 6 101 
2   RID.34 6  0011 12 11 
2   RID.35 22  010 26 0 
2   RID.36 24  10 22 001 
2   RID.37 7  100 14 0 
2   RID.38 11  00 9 0 
1   RID.39 24  11 
2   RID.40 13  1 10 110 
2   RID.41 10  10 6 0011 
2   RID.42 10  101 7 100 
2   RID.43 19  001 24 10 
1   RID.44 3 0 
2   RID.45 13  1 9 0 
2   RID.46 24  00 21 01 
2   RID.47 14  1 9 1 
1   RID.48 1  1 
1   RID.49 21 110 
2   RID.50 17  00 24 000 
2   RID.51 10  101 6 101 
2   RID.52 21  00 24 000 
1   RID.53 1  1 
2   RID.54 22  000 24 010 
2   RID.55 9  0 10 001 
2   RID.56 18  0001 24 10 
1   RID.57 23 00 
1   RID.58 2  1 
2   RID.59 23  10 25 01 
2   RID.60 6  1111 12 1 
1   RID.61 21 111 
2   RID.62 12  01 9 1 
2   RID.63 13  1 9 1 
1   RID.64 3 1 
2   RID.65 9  0 11 11 
1   RID.66 21  1 
2   RID.67 24  00 22 010 
2   RID.68 24  01 23 10 
2   RID.69 22  000 24 01 
2   RID.70 7  100 11 00 
2   RID.71 13  0 10 00 
2   RID.72 14  0 12 01 
1   RID.73 24  10 
2   RID.74 11  01 6 101 
1   RID.75 21 1 
2   RID.76 25  10 21 001 
2   RID.77 26  1 22 100 
2   RID.78 9  1 12 01 
2   RID.79 12  01 8 11 
2   RID.80 26  1 24 101 
2   RID.81 9  0 11 10 
2   RID.82 10  101 4 11 
2   RID.83 24  100 21 00 
1   RID.84 1  1 
2   RID.85 24  01 16 101 
1   RID.86 24  01 
2   RID.87 7  100 10 00 
1   RID.88 22 000 
2   RID.89 12  0 12 01 
2   RID.90 27  1 21 1 
1   RID.91 23  00 
2   RID.92 4  01 10 100 
2   RID.93 26  0 24 01 
2   RID.94 24  00 22 000 
2   RID.95 13  0 7 000 
1   RID.96 12 01 
2   RID.97 17  1000 24 00 
1   RID.98 24  100 
1   RID.99 1  0 
2   RID.100 4  11 10 100 
2   RID.101 9  01 14 1 
2   RID.102 24  001 22 100 
2   RID.103 6  1111 12 1 
1   RID.104 25 11 
2   RID.105 14  1 9 10 
2   RID.106 25  00 25 00 
1   RID.107 10  010 
1   RID.108 10  100 
2   RID.109 16  101 23 10 
2   RID.110 19  110 25 01 
2   RID.111 24  10 19 001 
2   RID.112 12  10 10 00 
1   RID.113 24  00 
1   RID.114 10 00 
2   RID.115 4  10 12 01 
2   RID.116 22  100 27 001 
1   RID.117 16 1 
2   RID.118 12  1 14 1 
1   RID.119 23  00 
1   RID.120 17 0111 
2   RID.121 11  00 10 00 
2   RID.122 10  01 4 10 
2   RID.123 25  01 22 110 
1   RID.124 22 001 
1   RID.125 24 10 
2   RID.126 22  10 26 0 
2   RID.127 14  1 9 01 
2   RID.128 26  0 21 1 
2   RID.129 7  010 6 0010 
2   RID.130 6  1010 10 00 
1   RID.131 24 00 
1   RID.132 1 1 
2   RID.133 9  000 13 0 
2   RID.134 9  1 11 00 
2   RID.135 22  000 24 010 
2   RID.136 12  01 10 11 
2   RID.137 27  1 24 101 
2   RID.138 10  010 14 0 
1   RID.139 1 1 
2   RID.140 4  00 11 01 
2   RID.141 10  010 12 01 
1   RID.142 24  00 
1   RID.143 22 000 
2   RID.144 21  00 25 00 
