120
20
1   RID.0 14 00 
2   RID.1 14  11 6 110 
2   RID.2 14  00 12 00 
2   RID.3 12  11 12 11 
2   RID.4 14  11 14 11 
2   RID.5 14  0 14 10 
2   RID.6 4  0000 15 0 
2   RID.7 8  000 14 00 
1   RID.8 14  1 
2   RID.9 14  00 14 00 
1   RID.10 14 01 
2   RID.11 9  000 15 0 
2   RID.12 14  11 9 111 
2   RID.13 14  11 17 1111 
2   RID.14 15  1 9 111 
2   RID.15 12  000 14 00 
2   RID.16 14  1 17 0101 
1   RID.17 12 111 
2   RID.18 16  1 9 101 
2   RID.19 14  1 17 1101 
2   RID.20 14  00 12 00 
2   RID.21 12  00 14 00 
2   RID.22 12  11 14 11 
2   RID.23 13  11 7 11 
2   RID.24 14  11 9 111 
2   RID.25 14  00 9 000 
2   RID.26 16  00000 12 00 
2   RID.27 14  11 9 101 
2   RID.28 12  00 14 00 
2   RID.29 14  11 15 1 
2   RID.30 15  0 16 10000 
2   RID.31 12  00 13 00 
2   RID.32 13  11 9 1111 
2   RID.33 15  1 12 11 
2   RID.34 14  1 17 1101 
1   RID.35 9 1000 
2   RID.36 9  000 12 00 
1   RID.37 14 0 
2   RID.38 14  11 12 11 
2   RID.39 7  10 12 01 
2   RID.40 14  11 9 101 
2   RID.41 14  00 4 000 
2   RID.42 16  11101 14 11 
2   RID.43 12  000 14 00 
1   RID.44 12  111 
2   RID.45 14  11 12 111 
2   RID.46 14  1 9 101 
2   RID.47 14  00 14 00 
2   RID.48 12  11 12 11 
2   RID.49 14  00 11 000 
2   RID.50 16  1 13 01 
2   RID.51 14  11 14 1 
2   RID.52 14  11 12 11 
2   RID.53 16  00000 15 0 
2   RID.54 17  0000 14 0 
2   RID.55 14  11 12 11 
2   RID.56 16  0 14 1 
2   RID.57 4  0000 14 00 
2   RID.58 12  11 9 111 
2   RID.59 14  00 16 0 
1   RID.60 12 00 
2   RID.61 12  00 14 00 
2   RID.62 14  11 14 11 
2   RID.63 9  101 15 1 
1   RID.64 9  101 
2   RID.65 13  00 12 00 
2   RID.66 12  11 16 1 
2   RID.67 15  0 4 1000 
1   RID.68 14 01 
2   RID.69 13  11 9 101 
1   RID.70 12  00 
1   RID.71 9  000 
1   RID.72 12 01 
2   RID.73 12  11 13 11 
1   RID.74 9  000 
2   RID.75 7  01 13 11 
1   RID.76 9 101 
1   RID.77 12  11 
2   RID.78 13  11 14 11 
2   RID.79 17  0000 14 0 
1   RID.80 12 00 
2   RID.81 14  00 14 00 
1   RID.82 9 001 
2   RID.83 13  11 8 110 
2   RID.84 9  000 14 00 
2   RID.85 12  00 14 0 
1   RID.86 14  0 
1   RID.87 9 000 
2   RID.88 14  1 14 01 
2   RID.89 5  0000 12 00 
2   RID.90 15  0 12 00 
2   RID.91 14  00 4 0000 
2   RID.92 12  00 8 000 
2   RID.93 9  000 14 0 
1   RID.94 11  111 
2   RID.95 16  1111 12 111 
1   RID.96 14 1 
1   RID.97 11 100 
2   RID.98 4  00000 12 00 
1   RID.99 14  0 
2   RID.100 15  0 16 00000 
1   RID.101 14  11 
1   RID.102 14  0 
2   RID.103 14  11 12 11 
2   RID.104 14  1 8 11 
2   RID.105 13  11 5 1101 
1   RID.106 6 101 
2   RID.107 14  1 14 11 
2   RID.108 12  11 14 11 
1   RID.109 12  00 
2   RID.110 14  11 6 110 
2   RID.111 12  11 15 1 
2   RID.112 15  1 14 1 
2   RID.113 12  11 4 11110 
1   RID.114 1 010 
2   RID.115 14  00 9 000 
1   RID.116 14 0 
2   RID.117 11  000 12 00 
2   RID.118 9  000 14 00 
2   RID.119 12  11 16 11 
