110
24
2   RID.0 13  0 9 0 
2   RID.1 9  10 14 01100 
2   RID.2 19  0000 9 00 
2   RID.3 9  1 11 000 
2   RID.4 10  111 11 110 
2   RID.5 9  1 9 00 
2   RID.6 13  0 10 000 
2   RID.7 1  00 9 01 
2   RID.8 10  0000 9 0 
1   RID.9 6 000 
2   RID.10 9  10 17 00101 
2   RID.11 14  01 9 10 
2   RID.12 13  0 6 000 
2   RID.13 10  000 3 0000 
2   RID.14 5  1100 10 0 
2   RID.15 9  11 10 111 
2   RID.16 14  000000 9 00 
2   RID.17 10  000 9 0 
2   RID.18 13  1 10 011 
2   RID.19 13  0 9 10 
2   RID.20 9  00 10 000 
2   RID.21 9  10 15 00000 
2   RID.22 9  0 15 01111 
2   RID.23 11  000 9 00 
2   RID.24 3  0011 10 100 
2   RID.25 10  000 11 000 
2   RID.26 9  10 15 00000 
2   RID.27 3  0011 10 100 
2   RID.28 9  0 11 000 
2   RID.29 11  000 9 00 
2   RID.30 13  0 3 010 
2   RID.31 6  000 10 0000 
2   RID.32 13  0 10 011 
2   RID.33 20  10001 10 1110 
2   RID.34 9  10 11 000 
2   RID.35 3  0 11 000 
2   RID.36 3  0 11 001 
2   RID.37 14  1110 9 0 
2   RID.38 10  1110 11 010 
2   RID.39 9  11 14 111 
2   RID.40 7  111 14 111 
2   RID.41 9  11 15 11010 
2   RID.42 11  000 9 00 
2   RID.43 10  000 9 0 
2   RID.44 3  001 10 1000 
2   RID.45 3  001 11 100 
2   RID.46 15  11111 10 1000 
2   RID.47 13  0 8 01 
2   RID.48 9  1 12 10 
2   RID.49 11  000 9 00 
2   RID.50 13  0 3 0000 
2   RID.51 9  10 9 0 
2   RID.52 7  111 14 111 
2   RID.53 10  111 14 11101 
2   RID.54 9  00 14 01 
2   RID.55 6  011 9 10 
2   RID.56 5  0011 12 11 
2   RID.57 3  001100 10 0 
2   RID.58 10  000 9 0 
2   RID.59 13  0 9 0 
2   RID.60 10  00 20 00000 
2   RID.61 1  1 10 0001 
2   RID.62 13  0 3 10110 
2   RID.63 11  000 5 0000 
2   RID.64 17  001011 10 1001 
2   RID.65 9  1 14 1 
2   RID.66 9  00 11 000 
2   RID.67 11  000 9 0 
2   RID.68 9  10 14 0 
2   RID.69 5  0000 10 01 
2   RID.70 9  11 11 110 
2   RID.71 10  111 11 110 
2   RID.72 14  1 10 01 
2   RID.73 9  10 6 011 
2   RID.74 10  1110 3 01 
2   RID.75 9  10 9 0 
2   RID.76 14  1 11 000 
2   RID.77 13  0 10 0000 
2   RID.78 11  000 3 00 
2   RID.79 13  0 10 0000 
2   RID.80 3  0 13 0 
2   RID.81 9  10 20 0111 
2   RID.82 3  110 13 0 
2   RID.83 3  0000 13 0 
2   RID.84 11  110 9 01 
2   RID.85 9  1 10 100 
2   RID.86 5  0011 11 101 
2   RID.87 3  000 14 0 
2   RID.88 9  10 20 0111 
2   RID.89 13  0 10 100 
2   RID.90 1  11 10 100 
2   RID.91 10  1110 9 0 
2   RID.92 11  000 10 0000 
2   RID.93 13  1 3 0 
2   RID.94 10  0000 11 000 
2   RID.95 9  10 20 0111 
2   RID.96 11  000 10 0000 
2   RID.97 15  00000 10 000 
2   RID.98 9  10 1 11 
2   RID.99 10  0001 13 1 
2   RID.100 10  0000 5 0000 
2   RID.101 10  000 14 0 
2   RID.102 14  000000 9 00 
2   RID.103 5  0000 11 000 
2   RID.104 11  000 10 0000 
2   RID.105 9  0 11 000 
2   RID.106 10  00 11 000 
2   RID.107 10  1 17 010100 
2   RID.108 9  10 15 01001 
2   RID.109 11  110 9 01 
