235
21
1   RID.0 19 0 
2   RID.1 19  0 17 00 
2   RID.2 10  1100 4 000 
1   RID.3 6  0001 
2   RID.4 3  0 5 100 
2   RID.5 4  100 5 00000 
2   RID.6 4  100 5 000 
2   RID.7 19  1 16 0 
2   RID.8 8  00 3 01 
2   RID.9 3  01 9 1 
2   RID.10 17  00 19 0 
2   RID.11 17  1 19 0 
2   RID.12 5  000 5 011 
2   RID.13 5  00 7 000 
2   RID.14 18  1 17 0 
2   RID.15 17  00 19 0 
2   RID.16 17  00 19 0 
2   RID.17 5  0000 3 01 
1   RID.18 9 1 
2   RID.19 5  111 8 11 
2   RID.20 4  100 7 000 
1   RID.21 19 0 
1   RID.22 19  0 
2   RID.23 5  0000 8 00 
1   RID.24 19 0 
1   RID.25 19  0 
1   RID.26 19  1 
1   RID.27 3  01 
2   RID.28 7  000 3 01 
2   RID.29 3  01 4 100 
2   RID.30 5  00000 5 000 
2   RID.31 5  00000 3 0 
2   RID.32 3  0 8 00 
1   RID.33 19 0 
2   RID.34 7  000 1 10 
1   RID.35 3 01 
1   RID.36 5 11 
2   RID.37 3  1 3 10 
2   RID.38 5  000 3 0 
2   RID.39 3  0 5 000 
2   RID.40 3  10 7 011 
1   RID.41 17  00 
1   RID.42 5 0111 
2   RID.43 3  0 5 1000 
1   RID.44 17  0 
2   RID.45 8  00 3 01 
1   RID.46 19  0 
2   RID.47 15  10 18 0 
2   RID.48 19  0 17 00 
2   RID.49 4  1 5 000 
2   RID.50 4  10 3 01 
1   RID.51 5  00 
1   RID.52 19 0 
1   RID.53 19 0 
1   RID.54 19 0 
1   RID.55 20 01 
2   RID.56 5  00 10 0100 
2   RID.57 19  0 20 0 
2   RID.58 4  01 1 01 
1   RID.59 18 1 
1   RID.60 19  0 
1   RID.61 4  100 
2   RID.62 7  111 3 10 
2   RID.63 19  0 19 0 
1   RID.64 19  0 
1   RID.65 19 0 
2   RID.66 18  0 17 00 
2   RID.67 19  0 16 0 
1   RID.68 19 0 
1   RID.69 7 000 
2   RID.70 3  01 5 10000 
2   RID.71 9  0 5 000 
2   RID.72 19  0 19 0 
1   RID.73 5  111 
2   RID.74 19  0 17 10 
1   RID.75 18 0 
1   RID.76 19  0 
2   RID.77 4  100 5 000 
1   RID.78 19  0 
2   RID.79 6  0000 4 000 
2   RID.80 17  00 19 0 
2   RID.81 5  00 3 01 
2   RID.82 3  0 3 11 
2   RID.83 3  01 9 1 
2   RID.84 3  0 9 1 
2   RID.85 5  0000 10 0 
2   RID.86 19  0 18 0 
2   RID.87 3  1 5 011 
2   RID.88 4  011 7 111 
1   RID.89 5 1000 
2   RID.90 5  000 8 00 
2   RID.91 5  00000 3 0 
2   RID.92 19  0 18 0 
2   RID.93 4  011 10 10110 
1   RID.94 4  01 
2   RID.95 6  0000 5 000 
1   RID.96 4  100 
2   RID.97 14  0 5 01111 
2   RID.98 9  0 4 10 
1   RID.99 17 00 
2   RID.100 19  0 15 00 
1   RID.101 19  0 
2   RID.102 3  0 10 0100 
2   RID.103 4  011 7 111 
2   RID.104 8  00 5 0000 
2   RID.105 4  100 10 010 
2   RID.106 5  11 5 1111 
2   RID.107 18  0 19 1 
2   RID.108 4  100 3 01 
2   RID.109 19  1 17 11 
2   RID.110 10  11 4 100 
1   RID.111 17  11 
1   RID.112 5 100 
2   RID.113 17  0 20 00 
1   RID.114 5  11111 
1   RID.115 19 1 
2   RID.116 12  001 4 100 
2   RID.117 1  00 4 0 
2   RID.118 11  1001 5 10 
2   RID.119 6  0000 3 0 
1   RID.120 19  0 
2   RID.121 10  11001 3 11 
1   RID.122 19 1 
1   RID.123 3  01 
2   RID.124 3  10 5 0111 
2   RID.125 5  1111 7 111 
2   RID.126 3  10 7 011 
2   RID.127 19  0 21 1 
2   RID.128 10  11001 17 10 
1   RID.129 3  10 
1   RID.130 5  0000 
2   RID.131 5  000 3 0 
2   RID.132 4  100 6 0000 
2   RID.133 4  011 4 111 
2   RID.134 5  1111 3 1 
2   RID.135 3  10 3 00 
1   RID.136 3 00 
2   RID.137 3  01 4 100 
2   RID.138 3  10 9 0 
2   RID.139 4  0 9 0 
1   RID.140 19 0 
2   RID.141 12  110 4 01 
1   RID.142 18 10 
2   RID.143 19  0 19 0 
1   RID.144 7 000 
1   RID.145 8  11 
2   RID.146 3  01 4 10 
2   RID.147 7  000 3 01 
2   RID.148 5  0000 3 01 
2   RID.149 3  0 5 100 
1   RID.150 4 0 
2   RID.151 3  0 6 0000 
1   RID.152 17 00 
2   RID.153 19  0 17 00 
1   RID.154 17  11 
1   RID.155 19  0 
1   RID.156 4 100 
1   RID.157 4 0 
1   RID.158 3 01 
2   RID.159 3  01 7 100 
1   RID.160 3  0 
1   RID.161 5 0000 
2   RID.162 3  0 5 00 
1   RID.163 5  000 
2   RID.164 4  100 9 0 
1   RID.165 17  00 
2   RID.166 5  11 5 111 
2   RID.167 4  10 9 0 
2   RID.168 3  01 9 1 
2   RID.169 4  011 5 11 
2   RID.170 17  00 18 00 
2   RID.171 5  0000 4 000 
1   RID.172 19  0 
2   RID.173 5  000 4 00 
2   RID.174 19  0 17 00 
1   RID.175 17 00 
2   RID.176 19  0 19 0 
1   RID.177 6 0000 
1   RID.178 5 00 
2   RID.179 19  0 15 00 
2   RID.180 21  1 20 01 
2   RID.181 15  10 18 0 
2   RID.182 4  100 5 000 
1   RID.183 19 0 
2   RID.184 5  11 3 10 
2   RID.185 4  100 7 000 
2   RID.186 3  10 4 0 
1   RID.187 19 0 
1   RID.188 3  01 
2   RID.189 17  00 18 0 
1   RID.190 5  0000 
2   RID.191 10  0011 4 111 
2   RID.192 5  0000 5 000 
1   RID.193 5  0000 
2   RID.194 5  000 5 011 
2   RID.195 3  01 7 100 
1   RID.196 19 0 
1   RID.197 6  0000 
2   RID.198 4  011 4 11 
1   RID.199 19 1 
2   RID.200 3  01 3 1 
2   RID.201 14  0 4 111 
2   RID.202 5  1111 14 1 
1   RID.203 5  1111 
2   RID.204 7  111 3 10 
2   RID.205 5  111 4 111 
1   RID.206 18  00 
1   RID.207 19  0 
2   RID.208 10  0011 4 111 
2   RID.209 17  00 15 0 
2   RID.210 17  00 19 0 
1   RID.211 4  100 
1   RID.212 5  000 
1   RID.213 19 0 
1   RID.214 19 0 
1   RID.215 5  0000 
1   RID.216 15  01 
2   RID.217 4  10 10 0 
1   RID.218 7 000 
1   RID.219 19  0 
1   RID.220 19 0 
2   RID.221 3  10 5 011 
2   RID.222 10  00110 5 01 
2   RID.223 4  100 3 01 
2   RID.224 4  10 4 01 
2   RID.225 5  0000 7 000 
1   RID.226 18  00 
2   RID.227 5  00000 4 000 
1   RID.228 19  1 
1   RID.229 19  0 
2   RID.230 4  100 5 00 
2   RID.231 4  1 5 0000 
1   RID.232 19 0 
2   RID.233 10  11 3 11 
1   RID.234 20 11 
