113
21
1   RID.0 11  01 
2   RID.1 11  0 13 1000 
2   RID.2 10  00 10 00 
1   RID.3 13  0000 
2   RID.4 11  00 10 00 
2   RID.5 12  10 10 0 
2   RID.6 12  010 12 0 
2   RID.7 13  1000 11 00 
2   RID.8 14  000 11 0 
2   RID.9 11  00 11 00 
2   RID.10 11  10 11 0 
2   RID.11 11  01 14 111 
2   RID.12 12  00 11 00 
2   RID.13 12  101 10 1 
2   RID.14 13  0000 11 0 
2   RID.15 12  00 1 101111 
2   RID.16 10  01 11 10 
2   RID.17 13  1000 11 00 
2   RID.18 10  0 12 001 
2   RID.19 10  01 11 10 
2   RID.20 21  0 11 0 
2   RID.21 4  111001 10 10 
2   RID.22 10  01 11 11 
2   RID.23 11  1 13 1000 
2   RID.24 10  10 11 0 
2   RID.25 17  01 11 1 
2   RID.26 10  01 1 00010001 
1   RID.27 11 10 
2   RID.28 10  1 14 000 
2   RID.29 11  0 14 000 
2   RID.30 4  000100 10 00 
2   RID.31 11  00 11 0 
2   RID.32 11  10 11 00 
2   RID.33 11  1 12 0 
2   RID.34 11  1 11 00 
2   RID.35 10  01 18 1000 
2   RID.36 12  01 11 1 
2   RID.37 10  10 12 00 
2   RID.38 10  0 13 0000 
2   RID.39 11  1 13 0000 
2   RID.40 11  10 14 011 
2   RID.41 14  111 10 10 
2   RID.42 12  10 10 0 
2   RID.43 10  00 10 0 
2   RID.44 11  00 12 00 
2   RID.45 10  0 13 0000 
2   RID.46 10  0 12 0000 
1   RID.47 12 01 
2   RID.48 3  0100010 11 0 
2   RID.49 11  01 11 11 
2   RID.50 14  000 10 0 
2   RID.51 10  1 13 0000 
2   RID.52 12  0 10 0 
2   RID.53 13  0000 11 0 
2   RID.54 4  100010 13 0000 
1   RID.55 13 000 
2   RID.56 11  10 10 01 
2   RID.57 11  0 17 1 
2   RID.58 10  0 13 1111 
2   RID.59 11  0 11 1 
2   RID.60 11  00 10 0 
2   RID.61 10  0 11 00 
2   RID.62 13  0111 10 1 
2   RID.63 14  111 10 10 
2   RID.64 10  00 12 00 
2   RID.65 12  00 10 0 
2   RID.66 15  00 10 01 
2   RID.67 8  00 11 01 
2   RID.68 11  0 21 1 
2   RID.69 15  11 12 1 
2   RID.70 10  0 12 11 
2   RID.71 10  00 10 00 
2   RID.72 13  1000 10 0 
2   RID.73 13  0111 10 10 
2   RID.74 11  1 11 0 
2   RID.75 11  0 11 00 
2   RID.76 11  00 1 1011 
2   RID.77 11  10 17 01111 
2   RID.78 11  10 10 0 
2   RID.79 14  000 10 0 
1   RID.80 11  0 
2   RID.81 12  1 13 0111 
2   RID.82 11  00 13 0000 
2   RID.83 16  0 11 00 
2   RID.84 10  01 12 11 
2   RID.85 11  01 17 11110 
2   RID.86 11  0 10 0 
2   RID.87 11  00 17 01 
1   RID.88 12 1 
2   RID.89 11  10 14 000 
2   RID.90 10  01 14 101 
2   RID.91 12  00 10 0 
1   RID.92 11 00 
2   RID.93 11  01 17 11110 
2   RID.94 11  0 10 00 
2   RID.95 8  00 14 011 
1   RID.96 11 10 
2   RID.97 7  010 10 0 
2   RID.98 11  11 14 100 
2   RID.99 13  0111 10 1 
1   RID.100 10 11 
2   RID.101 7  011 10 1 
2   RID.102 11  10 11 00 
2   RID.103 12  00 10 00 
1   RID.104 11 0 
2   RID.105 11  00 7 011 
2   RID.106 9  1 13 1000 
2   RID.107 12  010 11 0 
2   RID.108 11  1 10 0 
2   RID.109 12  00 2 01111010 
1   RID.110 13  0000 
2   RID.111 13  0000 11 0 
2   RID.112 11  0 12 0 
