Number of Haplotypes 24
1   RID.0 19 1 
2   RID.1 15  10 9 0111 
2   RID.2 17  0 19 1 
2   RID.3 18  0 20 10 
2   RID.4 17  1 19 00 
2   RID.5 17  1 18 0 
2   RID.6 9  100 12 01001 
2   RID.7 19  1 18 1 
2   RID.8 19  0 18 1 
1   RID.9 9 1111 
2   RID.10 9  11110 14 000 
1   RID.11 11  11010 
2   RID.12 19  01 17 10 
2   RID.13 9  01110 18 0 
1   RID.14 9  0001 
2   RID.15 17  0 19 1 
2   RID.16 20  10 18 0 
1   RID.17 11  00100 
2   RID.18 18  0 20 01 
1   RID.19 19 1 
2   RID.20 22  11 19 11 
2   RID.21 1  1111 10 100100 
2   RID.22 19  00 17 00 
2   RID.23 17  01 10 1110 
2   RID.24 13  0000 12 0000 
2   RID.25 13  0000 18 0 
2   RID.26 18  0 14 000 
2   RID.27 21  000 18 0 
2   RID.28 19  00 17 0 
2   RID.29 16  0 21 000 
2   RID.30 20  00 12 0010 
2   RID.31 17  11 19 1 
2   RID.32 14  000 12 0000 
2   RID.33 12  10000 7 000 
2   RID.34 12  1010 16 0 
2   RID.35 13  0000 12 0000 
2   RID.36 7  00 12 0001 
2   RID.37 12  10010 17 0 
1   RID.38 18 0 
2   RID.39 11  11010 9 011 
2   RID.40 19  00 18 0 
2   RID.41 19  1 16 0 
2   RID.42 22  11 19 101 
2   RID.43 10  0010 7 000 
2   RID.44 19  0 22 001 
1   RID.45 16 1 
2   RID.46 13  0000 12 0000 
2   RID.47 7  00 13 0100 
1   RID.48 10 0110 
2   RID.49 19  0 18 0 
2   RID.50 7  11011 16 1 
2   RID.51 19  000 19 0 
2   RID.52 17  11 9 10001 
2   RID.53 19  00 12 00010 
2   RID.54 23  01 17 11 
2   RID.55 17  00 21 01 
2   RID.56 10  1110 9 0111 
2   RID.57 16  0 9 11110 
2   RID.58 18  0 21 01 
2   RID.59 9  111 12 1010 
1   RID.60 7 000 
2   RID.61 19  10 19 00 
2   RID.62 18  0 21 011 
2   RID.63 19  1 24 1 
1   RID.64 12  10100 
2   RID.65 13  0000 10 00100 
2   RID.66 14  100 16 0 
2   RID.67 18  0 18 0 
2   RID.68 19  0 17 0 
2   RID.69 18  0 13 0010 
2   RID.70 19  0 17 0 
2   RID.71 18  0 24 0 
2   RID.72 17  00 19 0 
2   RID.73 16  1 3 0101 
2   RID.74 19  00 21 000 
2   RID.75 19  1 17 01 
1   RID.76 9 10010 
2   RID.77 5  0000 17 0 
2   RID.78 17  0 19 00 
2   RID.79 18  1 18 0 
2   RID.80 17  0 19 0 
2   RID.81 18  0 17 0 
2   RID.82 7  00 13 0100 
2   RID.83 19  0 17 01 
1   RID.84 19  0 
2   RID.85 13  0000 9 000 
2   RID.86 18  0 9 011 
2   RID.87 19  1 17 1 
2   RID.88 22  111 19 100 
2   RID.89 19  1 20 00 
2   RID.90 12  1000 14 000 
2   RID.91 21  000 17 01 
2   RID.92 12  01001 9 100 
2   RID.93 17  00 19 0 
2   RID.94 19  00 18 0 
2   RID.95 7  001 14 100 
2   RID.96 12  0100 14 001 
1   RID.97 13 1001 
2   RID.98 1  101 11 11000 
1   RID.99 7 00 
2   RID.100 20  00 17 0 
1   RID.101 12 00000 
2   RID.102 18  0 17 01 
2   RID.103 19  0 17 10 
2   RID.104 19  01 18 1 
2   RID.105 19  10 24 0 
2   RID.106 18  1 5 0000 
2   RID.107 20  10 19 0 
2   RID.108 13  1001 9 100 
2   RID.109 20  01 17 11 
1   RID.110 19  0 
1   RID.111 8 1101 
2   RID.112 19  0 16 1 
2   RID.113 12  0100 12 0100 
2   RID.114 18  0 18 0 
1   RID.115 7 00 
2   RID.116 19  101 17 1 
2   RID.117 18  0 19 1 
2   RID.118 10  0010 8 0000 
2   RID.119 12  10100 13 0100 
2   RID.120 13  0010 18 0 
2   RID.121 19  1 17 0 
2   RID.122 18  1 20 01 
2   RID.123 12  1001 7 10 
2   RID.124 9  10001 17 1 
1   RID.125 19 101 
2   RID.126 22  00 18 0 
2   RID.127 19  1 17 01 
2   RID.128 17  01 19 10 
1   RID.129 11  11001 
2   RID.130 18  0 19 101 
2   RID.131 18  0 19 110 
2   RID.132 19  1 17 0 
2   RID.133 8  1111 11 11010 
2   RID.134 9  1000 10 0001 
1   RID.135 19 1 
1   RID.136 11 11000 
2   RID.137 7  00 12 00000 
2   RID.138 17  00 19 0 
2   RID.139 21  000 17 0 
2   RID.140 14  001 9 1000 
2   RID.141 17  1 19 0 
2   RID.142 23  01 17 11 
2   RID.143 17  0 19 1 
2   RID.144 17  11 18 1 
2   RID.145 20  00 18 0 
2   RID.146 17  0 21 000 
2   RID.147 17  1 22 010 
2   RID.148 9  1111 14 100 
2   RID.149 16  0 9 00010 
