Number of Haplotypes 34
2   RID.0 10  1001 7 111 
2   RID.1 8  11 14 111 
2   RID.2 8  11 10 1001 
2   RID.3 6  10 13 001 
2   RID.4 14  011 8 11 
2   RID.5 10  1001 7 111 
2   RID.6 17  000 17 000 
2   RID.7 12  1010 17 000 
2   RID.8 14  011 15 111 
2   RID.9 10  0110 18 001 
2   RID.10 8  1110 17 011 
2   RID.11 18  000 21 000 
2   RID.12 13  0100 13 010 
2   RID.13 16  000 15 000 
2   RID.14 14  100 16 0100 
2   RID.15 15  000 10 0110 
2   RID.16 12  1000 10 011 
2   RID.17 6  11 10 1110 
2   RID.18 10  0110 8 01 
2   RID.19 18  110 16 011 
2   RID.20 18  001 11 1101 
2   RID.21 10  10000 1 01 
2   RID.22 18  111 10 1001 
2   RID.23 8  110 14 000 
2   RID.24 15  000 12 0000 
2   RID.25 10  0110 7 0 
2   RID.26 15  111 10 100 
2   RID.27 13  1011 10 100 
2   RID.28 13  010 10 011 
2   RID.29 18  110 30 01111 
2   RID.30 18  001 12 1010 
2   RID.31 17  1001 6 10 
2   RID.32 10  0110 16 010 
2   RID.33 6  10 8 01 
2   RID.34 12  101 15 101 
2   RID.35 20  1011 7 1 
2   RID.36 17  111 7 111 
2   RID.37 6  0 14 100 
2   RID.38 13  1011 17 1110 
2   RID.39 17  100 20 001 
2   RID.40 23  11 14 111 
2   RID.41 14  011 17 111 
2   RID.42 21  000 8 0101 
2   RID.43 16  111 10 1001 
2   RID.44 20  010 14 011 
2   RID.45 16  01 14 100 
2   RID.46 10  01100 21 000 
2   RID.47 13  000 6 01 
2   RID.48 18  000 23 001 
2   RID.49 13  1011 7 111 
2   RID.50 21  101 7 1 
2   RID.51 17  111 21 101 
2   RID.52 8  11 14 100 
2   RID.53 17  1110 16 01 
2   RID.54 12  101 15 101 
2   RID.55 16  010 21 011 
2   RID.56 10  01100 6 0 
2   RID.57 13  0000 25 0100010 
2   RID.58 10  011 13 110 
2   RID.59 12  100 10 0110 
2   RID.60 7  011 16 111 
2   RID.61 17  1110 12 0101 
2   RID.62 6  00 13 010 
2   RID.63 17  000 23 001 
2   RID.64 17  1110 16 01 
2   RID.65 18  000 21 000 
2   RID.66 18  111 15 111 
2   RID.67 17  000 17 0000 
2   RID.68 15  11 17 1110 
2   RID.69 10  0110 15 001 
2   RID.70 21  101 7 1 
2   RID.71 8  1110 13 0011 
2   RID.72 15  111 13 101 
2   RID.73 15  00 18 000 
2   RID.74 21  011 17 1001 
2   RID.75 13  000 15 000 
2   RID.76 16  00 8 01 
2   RID.77 14  100 10 011 
2   RID.78 17  111 13 101 
2   RID.79 31  0000 17 0000 
2   RID.80 23  001 14 100 
2   RID.81 13  010 14 000 
2   RID.82 12  0101 20 1101 
2   RID.83 13  1011 17 1110 
2   RID.84 17  100 14 000 
2   RID.85 15  111 7 1 
2   RID.86 14  100 10 0111 
2   RID.87 13  1011 8 1110 
2   RID.88 10  100 14 011 
2   RID.89 17  1110 8 01 
2   RID.90 15  111 8 11 
2   RID.91 12  101 17 1001 
2   RID.92 10  101 16 11 
2   RID.93 14  000 17 0000 
2   RID.94 15  111 13 101 
2   RID.95 15  000 15 010 
2   RID.96 8  110 14 000 
2   RID.97 17  1110 16 01 
2   RID.98 10  01100 21 000 
2   RID.99 8  11 15 100 
2   RID.100 16  0100 15 001 
2   RID.101 8  11 14 111 
2   RID.102 13  0000 12 000 
2   RID.103 15  111 7 11 
2   RID.104 17  1110 10 0001 
2   RID.105 12  0101 10 1001 
2   RID.106 13  101 17 1110 
2   RID.107 16  1111 10 100 
2   RID.108 14  011 23 11 
2   RID.109 13  1011 21 101 
2   RID.110 11  0010 20 010 
2   RID.111 13  0000 10 0110 
2   RID.112 21  000 17 0000 
2   RID.113 10  100 14 011 
2   RID.114 12  1000 13 000 
2   RID.115 23  100 14 000 
2   RID.116 15  001 12 1010 
2   RID.117 23  100 18 001 
2   RID.118 15  111 10 100 
2   RID.119 10  0110 21 011 
2   RID.120 20  0101 12 1101 
2   RID.121 20  010 15 011 
2   RID.122 10  0110 12 000 
2   RID.123 18  110 15 011 
2   RID.124 17  1110 8 01 
2   RID.125 7  111 10 1110 
2   RID.126 13  1011 21 101 
2   RID.127 9  0011 17 100 
2   RID.128 15  000 10 01100 
2   RID.129 17  1110 16 01 
2   RID.130 17  1110 14 011 
2   RID.131 10  011 13 1100 
2   RID.132 8  11 15 111 
2   RID.133 14  000 10 0110 
2   RID.134 17  100 17 000 
2   RID.135 10  0110 6 01 
2   RID.136 18  001 23 100 
2   RID.137 17  1001 13 110 
2   RID.138 12  010 7 0 
2   RID.139 10  0110 7 000 
2   RID.140 13  1011 17 1110 
2   RID.141 8  0001 16 11 
2   RID.142 15  111 16 11 
2   RID.143 21  000 13 000 
2   RID.144 15  000 13 0000 
2   RID.145 18  110 17 0110 
2   RID.146 14  000 13 000 
2   RID.147 14  011 21 101 
2   RID.148 18  001 21 111 
2   RID.149 10  01100 16 00 
2   RID.150 18  110 10 0001 
2   RID.151 8  1110 12 0101 
2   RID.152 23  11 16 1111 
2   RID.153 10  011 12 1000 
2   RID.154 11  1101 16 11 
2   RID.155 8  111 15 111 
2   RID.156 8  111 15 111 
2   RID.157 13  0000 15 000 
2   RID.158 16  010 14 000 
2   RID.159 10  10010 1 11111 
2   RID.160 12  101 9 1011 
2   RID.161 12  010 10 000 
2   RID.162 15  000 13 000 
2   RID.163 17  1110 10 000 
2   RID.164 7  00 16 010 
2   RID.165 8  1110 18 010 
2   RID.166 21  101 15 111 
2   RID.167 8  00 21 011 
2   RID.168 15  111 7 1 
2   RID.169 12  0101 14 111 
2   RID.170 14  000 13 000 
2   RID.171 10  0110 6 01 
2   RID.172 6  0 10 1110 
2   RID.173 11  0010 20 010 
2   RID.174 14  011 10 10110 
2   RID.175 18  000 13 000 
2   RID.176 14  011 14 111 
2   RID.177 10  0110 24 0000000 
2   RID.178 8  0001 13 110 
2   RID.179 12  100 11 0100 
2   RID.180 16  111 17 1110 
2   RID.181 10  01100 10 011 
2   RID.182 24  0110 13 0000 
2   RID.183 16  0000 6 01 
2   RID.184 13  000 12 0000 
2   RID.185 14  000 21 000 
2   RID.186 10  011 16 1100 
2   RID.187 10  011 14 100 
2   RID.188 14  011 17 1110 
2   RID.189 21  101 7 1 
2   RID.190 16  111 18 110 
2   RID.191 18  000 10 0110 
2   RID.192 14  011 10 100 
2   RID.193 13  0100 16 01 
2   RID.194 12  1000 7 0 
2   RID.195 20  010 16 011 
2   RID.196 13  0000 12 0000 
2   RID.197 16  010 16 010 
2   RID.198 6  10 13 001 
2   RID.199 12  101 13 110 
2   RID.200 10  01100 14 000 
2   RID.201 16  11 16 111 
2   RID.202 16  11 8 1110 
2   RID.203 21  000 15 00 
2   RID.204 10  01100 14 000 
2   RID.205 23  10 15 001 
2   RID.206 17  100 12 001 
2   RID.207 12  100 21 000 
2   RID.208 21  011 10 1110 
2   RID.209 21  011 10 111 
2   RID.210 15  000 13 000 
2   RID.211 17  0000 14 000 
2   RID.212 15  111 10 1001 
2   RID.213 12  010 17 0110 
2   RID.214 10  10010 12 010 
2   RID.215 17  111 13 101 
2   RID.216 6  10 13 001 
2   RID.217 18  110 8 0110 
2   RID.218 17  0000 17 000 
2   RID.219 6  10 11 0010 
2   RID.220 15  000 13 0000 
2   RID.221 13  000 6 01 
2   RID.222 10  01100 15 000 
2   RID.223 7  01 10 10010 
2   RID.224 15  111 8 11 
2   RID.225 13  0100 17 000 
2   RID.226 10  100 10 00010 
2   RID.227 12  100 17 000 
2   RID.228 13  1011 10 1001 
2   RID.229 6  10 18 010 
2   RID.230 10  1001 17 111 
2   RID.231 13  101 16 11 
2   RID.232 6  00 13 010 
2   RID.233 6  10 11 0010 
2   RID.234 22  00 10 0110 
2   RID.235 21  101 13 1011 
2   RID.236 15  11 15 111 
2   RID.237 10  011 15 101 
2   RID.238 17  111 17 111 
2   RID.239 17  0000 10 0110 
2   RID.240 6  10 12 0101 
