Number of Haplotypes 28
2   RID.0 8  000000 14 000100 
2   RID.1 25  1101 11 11111101 
2   RID.2 5  01000000 13 0000010 
2   RID.3 18  001 3 1011011 
2   RID.4 2  00001000 20 00100 
2   RID.5 13  0000000 2 000110 
2   RID.6 18  000 10 00000001 
2   RID.7 15  100000 10 00100100 
2   RID.8 20  001 8 1000001 
2   RID.9 19  0000 8 0010000 
2   RID.10 5  11011010 15 000001 
2   RID.11 13  0000010 1 0 
2   RID.12 11  0100100 13 0010000 
2   RID.13 13  0010000 1 0 
2   RID.14 2  00011011 11 1000000 
2   RID.15 8  0000100 19 0011 
2   RID.16 8  0000100 19 0011 
2   RID.17 23  010 2 00000000 
2   RID.18 10  10000100 2 00001 
2   RID.19 8  110100 13 0000000 
2   RID.20 10  10000100 21 0010 
1   RID.21 13  0000100 
2   RID.22 1  1000 18 000 
2   RID.23 11  10000000 26 000 
2   RID.24 1  0 13 0010000 
2   RID.25 10  10000100 13 0010000 
2   RID.26 13  1001011 1 1 
2   RID.27 11  00000000 20 001 
2   RID.28 2  001010 13 0010000 
2   RID.29 8  0000100 20 011 
2   RID.30 20  0011 11 1011010 
2   RID.31 11  0000100 20 0001 
2   RID.32 20  00010 10 00000100 
2   RID.33 20  011 8 1000100 
2   RID.34 7  000001 11 11001000 
2   RID.35 10  10000100 20 000 
2   RID.36 10  10000100 21 00100 
