225
22
2   RID.0 8  10111 5 1 
1   RID.1 16  00101 
2   RID.2 8  0100 7 0 
2   RID.3 6  0 7 000 
2   RID.4 7  0 6 0 
1   RID.5 5  1 
2   RID.6 6  1 7 0 
2   RID.7 7  0 7 001 
1   RID.8 13 100000 
2   RID.9 7  110 5 0 
1   RID.10 19  0000 
1   RID.11 4  1 
2   RID.12 19  0111 10 10011 
1   RID.13 10 1000000 
1   RID.14 13 010001 
2   RID.15 20  111 18 10111 
2   RID.16 6  1 7 1 
2   RID.17 7  0 5 1 
1   RID.18 7 1 
1   RID.19 12 1000000 
2   RID.20 5  11 8 101110 
1   RID.21 11 0101111 
1   RID.22 6 1 
2   RID.23 12  1011110 14 011101 
2   RID.24 6  0 8 110011 
2   RID.25 19  1111 16 11011 
2   RID.26 18  1011 12 1110001 
2   RID.27 6  0 7 10 
2   RID.28 5  0 7 001 
2   RID.29 19  0111 7 1 
1   RID.30 6  1 
1   RID.31 7 1000 
2   RID.32 6  0 8 010011 
2   RID.33 16  1101 19 1111 
2   RID.34 11  0111000 20 011 
2   RID.35 10  11101111 20 111 
2   RID.36 7  000 19 0000 
2   RID.37 13  011110 20 011 
1   RID.38 21 11 
2   RID.39 15  11101 14 111101 
2   RID.40 7  00 5 0 
1   RID.41 19 0111 
1   RID.42 1 00 
2   RID.43 8  010011 6 1 
2   RID.44 7  0 5 1 
2   RID.45 18  00000 6 0 
2   RID.46 7  0 6 0 
2   RID.47 20  111 19 1111 
1   RID.48 18  10111 
2   RID.49 6  0 7 100 
1   RID.50 14  10001 
1   RID.51 6  0 
1   RID.52 6 1 
1   RID.53 7 1010 
2   RID.54 19  0111 14 10001 
1   RID.55 10 100110 
2   RID.56 8  01001 18 10111 
2   RID.57 18  11101 18 11111 
1   RID.58 7 100 
2   RID.59 6  0 5 0 
2   RID.60 8  000 5 00 
2   RID.61 6  1 20 011 
1   RID.62 20 111 
2   RID.63 8  010011 14 10001 
2   RID.64 7  1 10 111011 
1   RID.65 18  0111 
2   RID.66 19  0111 7 1 
1   RID.67 18 11111 
2   RID.68 7  0 7 101 
1   RID.69 7  000 
2   RID.70 7  0 6 0 
1   RID.71 6  1 
2   RID.72 7  0 7 00 
2   RID.73 4  0 8 0000 
2   RID.74 7  001 6 1 
2   RID.75 7  00 5 0 
2   RID.76 19  0111 22 1 
2   RID.77 6  0 7 101 
2   RID.78 5  1 7 1 
2   RID.79 6  1 7 1 
2   RID.80 7  0 6 1 
2   RID.81 20  111 10 10111000 
1   RID.82 4  1 
1   RID.83 5  0 
1   RID.84 18 00111 
2   RID.85 7  11 15 11101 
1   RID.86 6  1 
2   RID.87 19  1111 12 1011110 
1   RID.88 5  1 
2   RID.89 6  0 5 0 
2   RID.90 18  10111 18 10111 
1   RID.91 8  010 
2   RID.92 14  00000 6 0 
2   RID.93 7  0 18 00000 
2   RID.94 7  0 6 0 
2   RID.95 14  10001 19 1111 
2   RID.96 5  1 7 10 
2   RID.97 8  10111 6 1 
2   RID.98 8  00000 19 0000 
1   RID.99 19 0111 
2   RID.100 19  0111 20 111 
2   RID.101 20  000 19 0000 
2   RID.102 19  1111 19 1111 
2   RID.103 7  0 7 101 
2   RID.104 7  01 8 110011 
2   RID.105 7  001 7 1 
2   RID.106 7  000 7 0 
2   RID.107 16  00000 20 000 
1   RID.108 18  0111 
1   RID.109 4  1 
2   RID.110 18  10111 12 1110001 
2   RID.111 22  1 11 1101111 
2   RID.112 7  0 8 110011 
2   RID.113 6  0 6 1 
1   RID.114 16  00101 
2   RID.115 7  00 6 0 
2   RID.116 7  0 4 0 
1   RID.117 4  1 
2   RID.118 10  00000 19 0000 
1   RID.119 6 0 
1   RID.120 7  001 
2   RID.121 7  001 5 1 
1   RID.122 18  10111 
2   RID.123 14  10001 19 1111 
1   RID.124 6  0 
2   RID.125 1  11 1 01 
2   RID.126 9  00000 5 0 
2   RID.127 6  0 7 0010 
1   RID.128 6  1 
1   RID.129 7  0 
2   RID.130 7  0 10 000000 
2   RID.131 20  000 16 00000 
2   RID.132 8  01001 7 1 
2   RID.133 19  1111 20 111 
1   RID.134 19  1111 
2   RID.135 6  1 5 11 
1   RID.136 11  0011000 
2   RID.137 20  000 7 00 
2   RID.138 7  0 6 0 
2   RID.139 6  0 7 0000 
2   RID.140 5  0 6 0 
2   RID.141 7  00 6 0 
1   RID.142 7 001 
2   RID.143 7  0010 20 011 
1   RID.144 1 00 
2   RID.145 18  10111 7 101 
2   RID.146 7  001 6 1 
2   RID.147 6  0 7 101 
1   RID.148 19 1000 
1   RID.149 6  1 
2   RID.150 7  000 19 0000 
2   RID.151 5  0 8 0000 
2   RID.152 15  11101 14 111101 
2   RID.153 6  0 7 1 
2   RID.154 8  101110 7 0 
2   RID.155 6  0 8 010 
1   RID.156 1 00 
2   RID.157 4  1 6 0 
2   RID.158 13  011110 7 0 
2   RID.159 6  0 7 0 
2   RID.160 7  0 5 0 
2   RID.161 6  0 7 0010 
1   RID.162 7  0000 
2   RID.163 19  1111 12 1011110 
2   RID.164 6  0 7 0 
2   RID.165 21  11 17 1101 
2   RID.166 6  0 8 110011 
2   RID.167 6  0 7 100 
2   RID.168 6  0 6 0 
2   RID.169 7  11 6 1 
2   RID.170 5  0 6 1 
2   RID.171 18  1011 6 1 
2   RID.172 5  0 7 1 
2   RID.173 6  0 7 1010 
2   RID.174 8  0100 14 00001 
2   RID.175 7  1 12 1011110 
1   RID.176 6  0 
2   RID.177 14  11110 10 01101111 
1   RID.178 18 10000 
1   RID.179 7  00 
2   RID.180 10  00011 18 10111 
2   RID.181 18  00000 14 00000 
2   RID.182 7  110 17 00111 
1   RID.183 6  0 
2   RID.184 15  00000 18 00000 
2   RID.185 5  11 8 101110 
2   RID.186 6  1 6 0 
2   RID.187 6  1 6 0 
2   RID.188 7  0 10 000110 
2   RID.189 14  100010 16 00101 
2   RID.190 9  100111 15 10010 
2   RID.191 15  00000 19 0000 
1   RID.192 5 0 
2   RID.193 7  001 6 1 
2   RID.194 6  0 5 1 
2   RID.195 5  0 8 110011 
2   RID.196 6  0 7 1010 
1   RID.197 11  01110001 
2   RID.198 18  1011 6 1 
1   RID.199 7  000 
1   RID.200 15  11101 
2   RID.201 5  1 8 10111 
2   RID.202 10  00000 7 0 
2   RID.203 8  101110 7 0 
1   RID.204 7  001 
1   RID.205 16 11011 
2   RID.206 6  0 10 10000000 
2   RID.207 8  01001 7 1 
2   RID.208 15  00010 11 00110001 
2   RID.209 14  00000 20 000 
1   RID.210 7  0000 
2   RID.211 13  011110 18 01111 
2   RID.212 14  100010 12 0110001 
2   RID.213 7  001 6 1 
1   RID.214 6  0 
2   RID.215 9  100011 20 111 
2   RID.216 9  011101 20 111 
2   RID.217 10  00011000 19 0111 
2   RID.218 6  1 6 1 
2   RID.219 5  0 7 1 
2   RID.220 7  1 4 1 
2   RID.221 14  111101 8 101110 
2   RID.222 12  0000000 19 0000 
2   RID.223 7  00 6 0 
1   RID.224 4  1 
