Number of Haplotypes 27
2   RID.0 24  001 16 1001 
2   RID.1 17  0000 24 001 
2   RID.2 24  001 15 11 
2   RID.3 17  0000000 15 01 
2   RID.4 18  0000000 11 00110 
2   RID.5 17  1110010 25 00 
1   RID.6 22  00001 
2   RID.7 17  00101 17 1010110 
2   RID.8 17  00101 16 1001 
2   RID.9 17  0000 24 001 
2   RID.10 17  1111101 17 10010010 
2   RID.11 1  000010 24 001 
2   RID.12 17  00101 20 11100 
2   RID.13 19  000001 17 11000 
2   RID.14 9  10001 17 1010110 
2   RID.15 2  00010 19 000000 
2   RID.16 17  0100 24 001 
2   RID.17 1  110111 19 101100 
2   RID.18 25  01 21 10000 
2   RID.19 22  00101 16 1101 
2   RID.20 24  010 17 0001001 
2   RID.21 16  110 27 0 
1   RID.22 18 0000000 
2   RID.23 17  0000000 16 010 
2   RID.24 27  1 19 000001 
1   RID.25 19  000000 
2   RID.26 17  0010110 16 0001 
2   RID.27 12  00001 20 10000 
2   RID.28 24  001 14 101 
2   RID.29 17  00000 19 000000 
2   RID.30 27  0 18 0010010 
2   RID.31 1  1 20 00001 
2   RID.32 17  00101100 19 001100 
2   RID.33 17  01000 1 100010 
1   RID.34 17  10010 
2   RID.35 26  1 21 00000 
2   RID.36 21  00000 26 0 
1   RID.37 15  01 
2   RID.38 17  0000000 18 0000000 
2   RID.39 15  01 19 100001 
1   RID.40 27  0 
2   RID.41 24  001 15 10 
2   RID.42 19  000001 27 1 
2   RID.43 19  000001 16 1010 
2   RID.44 25  01 21 10010 
2   RID.45 24  001 17 10101 
2   RID.46 25  10 16 010 
2   RID.47 22  00101 25 11 
2   RID.48 15  10 24 001 
2   RID.49 25  01 18 1101100 
2   RID.50 16  110 17 01000001 
2   RID.51 17  0000000 18 0000000 
2   RID.52 21  00000 17 0000000 
2   RID.53 24  001 17 1000000 
2   RID.54 25  01 18 1101100 
2   RID.55 16  110 17 0000000 
1   RID.56 18 0000001 
2   RID.57 15  01 19 100001 
2   RID.58 25  10 13 0111 
2   RID.59 17  00101 25 11 
1   RID.60 19  000000 
2   RID.61 12  0011 19 110010 
2   RID.62 27  1 15 01 
2   RID.63 17  0000000 16 010 
2   RID.64 17  0010 24 001 
2   RID.65 16  1000 11 00110 
1   RID.66 11  10110 
2   RID.67 1  110111 19 101100 
2   RID.68 7  010110 17 0000 
2   RID.69 19  000001 15 11 
2   RID.70 18  0000000 17 0000000 
2   RID.71 22  00001 19 100000 
2   RID.72 16  0100 22 01010 
2   RID.73 16  1000 17 0000000 
2   RID.74 25  01 7 111110 
2   RID.75 17  0000000 21 00000 
2   RID.76 17  00000 17 0000000 
2   RID.77 1  000010 24 001 
2   RID.78 24  101 17 1100 
1   RID.79 9 011011 
2   RID.80 25  01 17 1000000 
2   RID.81 25  01 21 10000 
