Number of Haplotypes 37
2   RID.0 8  100000 25 0111111 
2   RID.1 19  001000 28 00100011 
2   RID.2 12  00100010 21 01111 
2   RID.3 18  011011 26 10010100 
2   RID.4 15  011011 3 1001101 
2   RID.5 8  1010001 26 1100001 
2   RID.6 10  001001000 32 00111 
2   RID.7 32  11100 14 0000000 
2   RID.8 14  0100000 17 000010 
2   RID.9 18  100000 1 110110 
2   RID.10 23  000111 12 10100000 
1   RID.11 20 00000 
2   RID.12 3  0100000 33 01111 
2   RID.13 21  00000 19 000000 
2   RID.14 15  00000000 34 0000 
2   RID.15 21  1000100 10 0010010000 
2   RID.16 28  00100011 19 101000 
2   RID.17 21  00000 13 01000100 
2   RID.18 26  1001010 18 011011 
2   RID.19 12  00100000 19 00000 
2   RID.20 14  1111111 26 10010100 
2   RID.21 26  00001000 15 0000001 
2   RID.22 34  0001 20 10111 
2   RID.23 8  101000 22 0000010 
2   RID.24 14  0101110 28 0101000 
2   RID.25 25  010010 8 010101 
2   RID.26 28  0101000 19 010111 
2   RID.27 19  001000 8 0111111 
2   RID.28 20  00000 1 11011 
2   RID.29 5  0110101 19 110111 
2   RID.30 19  11011 1 1111100 
2   RID.31 21  0000011 1 11 
1   RID.32 18  000100 
2   RID.33 19  110111 26 1001010 
2   RID.34 24  0100001 19 101000 
2   RID.35 25  1000010 7 000001 
1   RID.36 8  101000100 
2   RID.37 14  0011011 21 11110 
2   RID.38 7  010100 17 010000 
2   RID.39 19  110111 14 1110111 
2   RID.40 25  0100101 3 10011010 
2   RID.41 20  10111 14 1101111 
2   RID.42 2  10001101 19 110111 
2   RID.43 9  1010100110 25 0100101 
2   RID.44 12  00100010 19 000000 
2   RID.45 21  01110 14 0111111 
2   RID.46 24  101101 20 10111 
2   RID.47 13  01000000 31 011100 
2   RID.48 21  0000011 12 10100000 
