67
28
2   RID.0 9  000 13 0001 
2   RID.1 17  000 11 01 
2   RID.2 12  10110 9 01 
2   RID.3 16  0000 11 000 
2   RID.4 10  101 21 1100000 
2   RID.5 11  000001 1 10100 
2   RID.6 4  111111 12 10110 
2   RID.7 6  00000 16 0011 
2   RID.8 9  11 12 10110 
2   RID.9 9  11 12 10110 
2   RID.10 17  0000 6 00000 
2   RID.11 11  101 11 10110 
2   RID.12 21  110010 11 000001 
2   RID.13 11  0000 12 00001 
2   RID.14 12  10110 11 0101 
2   RID.15 11  00000 13 0001 
2   RID.16 9  11 18 100 
2   RID.17 13  01010 11 00010 
2   RID.18 11  01011 4 1011 
2   RID.19 11  010 11 0101 
2   RID.20 6  00000 12 00000 
2   RID.21 13  0110 11 0101 
2   RID.22 11  0101 9 10 
2   RID.23 11  00000 17 0000 
2   RID.24 11  01 18 10101 
2   RID.25 11  000 16 001 
2   RID.26 5  00000 12 00000 
2   RID.27 16  0000 9 00 
2   RID.28 11  01111 11 10110 
2   RID.29 17  1110 9 01 
2   RID.30 12  10110 1 110 
2   RID.31 18  000 11 01011 
2   RID.32 13  0101 11 10010 
2   RID.33 9  11 18 101 
2   RID.34 11  010 19 000100 
2   RID.35 11  0000 16 0000 
2   RID.36 4  101111 13 1110 
2   RID.37 11  01111 11 11011 
2   RID.38 9  11 14 1100 
2   RID.39 11  0000 12 00001 
2   RID.40 19  110011 11 11111 
2   RID.41 6  00000 15 010 
2   RID.42 14  1100 9 01 
2   RID.43 11  01011 12 10110 
2   RID.44 11  0000 12 00001 
2   RID.45 11  0101 9 11 
2   RID.46 11  0101 12 10110 
2   RID.47 16  1011 11 100 
2   RID.48 13  0000 16 0000 
2   RID.49 11  01 11 11011 
2   RID.50 23  10011 11 11111 
2   RID.51 11  000000 21 0000000 
2   RID.52 16  1011 11 1000 
2   RID.53 15  100 10 00 
2   RID.54 11  00010 13 0101 
2   RID.55 11  0101 1 010 
2   RID.56 11  01 1 0101 
2   RID.57 16  101 1 11011 
2   RID.58 9  11 20 10100 
2   RID.59 9  01 13 11100 
2   RID.60 11  1111 19 111111 
2   RID.61 18  001 9 11 
2   RID.62 10  000 12 00001 
2   RID.63 12  00000 11 000 
2   RID.64 17  000 11 01 
2   RID.65 16  0000 9 000 
2   RID.66 20  10111 11 10000 
