172
20
2   RID.0 10  111 16 111 
2   RID.1 17  00 19 00 
1   RID.2 2  1 
2   RID.3 9  1 17 011 
2   RID.4 1  1 3 11 
1   RID.5 1  0 
2   RID.6 11  0000 19 00 
2   RID.7 16  10 20 0 
1   RID.8 9 0 
2   RID.9 20  0 16 00 
2   RID.10 16  011 17 111 
2   RID.11 11  000 19 00 
2   RID.12 16  10 17 000 
2   RID.13 18  00 15 01 
1   RID.14 3 1000 
2   RID.15 13  0001 20 1 
1   RID.16 3  0 
2   RID.17 3  00 1 0 
2   RID.18 13  000 17 000 
2   RID.19 17  000 13 000 
2   RID.20 17  111 16 11 
2   RID.21 3  00 2 0 
2   RID.22 16  100 17 000 
2   RID.23 3  111 3 111 
2   RID.24 3  00 17 00 
1   RID.25 2  0 
2   RID.26 11  1111 18 11 
2   RID.27 20  0 11 1000 
2   RID.28 16  10 17 00 
2   RID.29 2  0 3 0 
2   RID.30 18  00 16 00 
1   RID.31 16  011 
1   RID.32 2  0 
2   RID.33 5  010 2 0 
1   RID.34 4  0000 
2   RID.35 12  111 17 11 
2   RID.36 17  00 19 00 
1   RID.37 15  01 
2   RID.38 20  1 16 111 
2   RID.39 10  00 18 000 
2   RID.40 16  1 16 0 
1   RID.41 3 0 
2   RID.42 15  01 10 100 
1   RID.43 1 1 
2   RID.44 18  111 12 1111 
2   RID.45 12  000 17 000 
1   RID.46 17 00 
1   RID.47 2 0 
2   RID.48 13  000 17 000 
2   RID.49 17  11 20 1 
2   RID.50 17  00 17 00 
2   RID.51 17  000 20 0 
2   RID.52 11  11 18 11 
2   RID.53 16  1 18 100 
1   RID.54 1  1 
2   RID.55 12  111 20 1 
2   RID.56 13  1110 17 011 
2   RID.57 12  000 17 00 
1   RID.58 2 0 
2   RID.59 11  0000 18 000 
1   RID.60 3 00 
2   RID.61 2  0 3 00 
2   RID.62 10  0 17 00 
1   RID.63 2 0 
2   RID.64 19  11 10 111 
1   RID.65 4 111 
2   RID.66 15  10 17 011 
1   RID.67 2 1 
2   RID.68 17  000 17 001 
2   RID.69 16  01 16 11 
1   RID.70 1 1 
2   RID.71 17  000 13 000 
2   RID.72 16  101 16 100 
1   RID.73 3  0 
1   RID.74 1  0 
2   RID.75 18  00 17 000 
2   RID.76 16  101 16 100 
1   RID.77 5 000 
2   RID.78 15  01 17 10 
2   RID.79 17  00 15 01 
2   RID.80 19  11 10 1 
2   RID.81 18  00 13 0001 
2   RID.82 16  100 17 00 
2   RID.83 16  01 8 1 
2   RID.84 19  11 10 1 
2   RID.85 17  000 17 001 
2   RID.86 11  00 15 01 
2   RID.87 15  01 17 10 
2   RID.88 16  100 19 00 
2   RID.89 18  00 13 0001 
1   RID.90 2 1 
2   RID.91 11  00 15 01 
2   RID.92 3  0000 2 0 
2   RID.93 16  10 10 0 
1   RID.94 15  01 
2   RID.95 13  1110 15 00 
2   RID.96 16  100 10 000 
2   RID.97 17  000 16 000 
2   RID.98 17  000 12 000 
1   RID.99 1 0 
2   RID.100 15  01 17 10 
2   RID.101 20  1 13 0110 
1   RID.102 3  0 
1   RID.103 8  0 
1   RID.104 2  0 
2   RID.105 13  111 17 111 
1   RID.106 13 100 
1   RID.107 2  1 
2   RID.108 15  01 13 100 
2   RID.109 16  01 17 111 
1   RID.110 1 0 
2   RID.111 11  0000 16 00 
2   RID.112 15  01 17 10 
1   RID.113 3 00 
1   RID.114 8 0 
2   RID.115 20  0 17 000 
2   RID.116 13  0001 16 10 
2   RID.117 20  1 12 011 
2   RID.118 18  00 17 00 
1   RID.119 16 00 
2   RID.120 12  0000 16 00 
2   RID.121 16  10 18 00 
1   RID.122 2 0 
1   RID.123 8  0 
2   RID.124 16  100 17 000 
2   RID.125 16  01 11 1111 
1   RID.126 3 1 
2   RID.127 18  00 15 01 
2   RID.128 20  1 8 1 
1   RID.129 3  11 
1   RID.130 17 100 
2   RID.131 13  0001 20 1 
2   RID.132 17  00 13 0001 
2   RID.133 12  1111 15 10 
2   RID.134 3  110 3 011 
2   RID.135 13  0001 17 100 
2   RID.136 4  0000 2 0 
1   RID.137 17 000 
2   RID.138 13  000 17 000 
2   RID.139 16  01 16 11 
2   RID.140 17  111 19 11 
2   RID.141 18  00 17 000 
2   RID.142 8  1 2 0 
1   RID.143 4  0000 
1   RID.144 3 00 
1   RID.145 13  0001 
2   RID.146 17  000 9 0 
2   RID.147 11  0000 18 000 
1   RID.148 9  0 
1   RID.149 2 0 
2   RID.150 18  00 13 0001 
1   RID.151 16 11 
2   RID.152 17  00 17 00 
2   RID.153 16  01 16 11 
2   RID.154 18  00 16 000 
2   RID.155 2  0 3 00 
2   RID.156 10  000 16 00 
1   RID.157 17 00 
2   RID.158 12  000 16 000 
2   RID.159 20  1 16 01 
2   RID.160 17  00 15 01 
2   RID.161 13  0001 16 10 
2   RID.162 2  0 3 0 
2   RID.163 18  111 16 11 
2   RID.164 16  01 18 11 
2   RID.165 18  00 13 0001 
1   RID.166 2  0 
2   RID.167 13  000 20 0 
1   RID.168 1 0 
2   RID.169 15  01 16 10 
1   RID.170 2 0 
1   RID.171 1  1 
