158
20
2   RID.0 11  000000 14 000 
2   RID.1 17  01 17 11 
2   RID.2 2  1000 13 0100 
1   RID.3 4  001 
2   RID.4 5  00 11 000100 
2   RID.5 4  001 14 100 
2   RID.6 17  01 17 11 
2   RID.7 16  0 20 1 
2   RID.8 13  0000 16 0 
2   RID.9 17  01 17 10 
2   RID.10 17  010 14 000 
2   RID.11 17  01 13 1000 
1   RID.12 16  1 
2   RID.13 18  01 20 1 
2   RID.14 6  11010 16 0 
2   RID.15 17  011 4 111 
2   RID.16 17  10 17 001 
2   RID.17 13  0100 6 010001 
2   RID.18 16  1 13 1011 
2   RID.19 11  100000 17 000 
2   RID.20 7  0001000 13 0000 
2   RID.21 8  00011111 17 111 
1   RID.22 16  0 
2   RID.23 16  1 16 1 
2   RID.24 17  111 9 1011111 
2   RID.25 17  010 11 000000 
2   RID.26 6  11010 17 001 
2   RID.27 19  1 17 10 
2   RID.28 16  0 7 0010111 
2   RID.29 17  10 17 000 
2   RID.30 17  100 12 01011 
1   RID.31 14  000 
2   RID.32 19  1 16 0 
2   RID.33 1  111 16 1 
2   RID.34 14  000 19 0 
1   RID.35 11  000000 
2   RID.36 14  011 13 1011 
2   RID.37 14  000 17 010 
1   RID.38 14 000 
2   RID.39 19  0 14 000 
2   RID.40 17  10 11 000111 
2   RID.41 13  0100 20 0 
2   RID.42 17  10 11 010011 
2   RID.43 7  1100101 16 1 
1   RID.44 16 1 
2   RID.45 17  100 17 0 
2   RID.46 1  1000 17 01 
2   RID.47 5  0010 17 00 
2   RID.48 17  010 6 00001 
2   RID.49 17  000 14 000 
2   RID.50 1  010 19 0 
1   RID.51 14 000 
2   RID.52 12  11011 19 1 
1   RID.53 17 10 
2   RID.54 4  000 10 000000 
2   RID.55 13  0000 17 01 
2   RID.56 16  1 17 100 
2   RID.57 17  101 10 111111 
2   RID.58 11  111111 16 1 
1   RID.59 14 100 
1   RID.60 11 010111 
2   RID.61 12  00000 4 001 
1   RID.62 11 100000 
1   RID.63 13 0000 
1   RID.64 6 01000 
1   RID.65 13  0100 
2   RID.66 13  0100 17 001 
2   RID.67 11  011011 11 101101 
2   RID.68 20  1 13 1100 
1   RID.69 14 000 
2   RID.70 20  0 9 0010101 
2   RID.71 14  000 14 000 
2   RID.72 20  1 17 00 
1   RID.73 16 0 
1   RID.74 16  1 
2   RID.75 17  010 11 000000 
2   RID.76 17  11 17 1 
2   RID.77 9  1011111 13 1000 
2   RID.78 17  101 16 1 
2   RID.79 11  100000 16 0 
2   RID.80 17  100 16 0 
2   RID.81 13  1011 6 111111 
2   RID.82 6  01000 17 001 
2   RID.83 13  0100 17 011 
2   RID.84 5  000001 17 11 
2   RID.85 16  0 19 1 
2   RID.86 17  010 16 0 
2   RID.87 14  100 17 001 
2   RID.88 16  0 3 100 
2   RID.89 17  011 11 100000 
2   RID.90 14  000 19 0 
2   RID.91 16  0 17 001 
2   RID.92 7  101011 12 10000 
1   RID.93 17  101 
2   RID.94 11  101010 16 0 
2   RID.95 17  01 17 110 
2   RID.96 14  000 17 010 
2   RID.97 19  0 14 000 
2   RID.98 17  101 10 111111 
2   RID.99 20  1 13 1000 
2   RID.100 9  0011111 17 111 
2   RID.101 6  01000 19 0 
1   RID.102 7  111111 
2   RID.103 16  0 7 101011 
2   RID.104 17  01 4 100 
2   RID.105 17  10 17 000 
2   RID.106 13  0000 17 01 
2   RID.107 16  1 17 10 
2   RID.108 13  1011 6 111111 
2   RID.109 13  1011 15 11 
2   RID.110 13  0000 11 000000 
2   RID.111 16  0 6 000010 
2   RID.112 13  1011 17 100 
2   RID.113 13  0100 17 011 
1   RID.114 7 100011 
1   RID.115 16 1 
2   RID.116 17  010 13 0000 
2   RID.117 11  000000 17 010 
1   RID.118 11 010111 
2   RID.119 2  0000 17 010 
2   RID.120 1  000 17 001 
2   RID.121 14  100 7 0000111 
2   RID.122 11  100111 16 1 
1   RID.123 17 11 
1   RID.124 6  01000 
2   RID.125 14  100 11 000100 
1   RID.126 16  1 
2   RID.127 11  100000 17 001 
2   RID.128 17  10 11 011011 
2   RID.129 6  110101 17 101 
2   RID.130 13  0000 17 001 
2   RID.131 17  10 17 01 
2   RID.132 17  010 6 000010 
2   RID.133 17  111 6 110001 
1   RID.134 17  10 
2   RID.135 17  10 17 00 
2   RID.136 1  00000 13 0000 
2   RID.137 17  101 6 11000 
1   RID.138 17  111 
2   RID.139 4  001 13 1000 
2   RID.140 8  00011111 4 100 
2   RID.141 14  000 11 000101 
2   RID.142 13  0000 17 01 
1   RID.143 13  1011 
2   RID.144 17  100 16 0 
2   RID.145 4  001 14 100 
2   RID.146 19  0 17 000 
2   RID.147 17  111 11 100110 
2   RID.148 12  11011 20 1 
2   RID.149 6  11010 17 011 
2   RID.150 7  000100 17 010 
2   RID.151 16  0 14 000 
2   RID.152 17  10 16 0 
2   RID.153 8  00100000 13 0000 
2   RID.154 17  100 16 0 
2   RID.155 15  00 1 1000 
2   RID.156 13  1011 7 110010 
2   RID.157 17  100 16 0 
