Number of Haplotypes 45
2   RID.0 26  010 31 010 
1   RID.1 14 011 
2   RID.2 44  0 44 1 
2   RID.3 14  111 7 100 
2   RID.4 31  0100 30 001 
2   RID.5 33  000 43 0 
2   RID.6 14  111 9 101011 
2   RID.7 36  1110 33 0111 
2   RID.8 7  00 9 00000 
2   RID.9 21  010 31 011 
2   RID.10 34  0011 29 10 
2   RID.11 1  10 15 01 
2   RID.12 7  011 13 11 
2   RID.13 31  111 34 1111 
2   RID.14 4  000 13 01 
2   RID.15 23  000100 31 000 
2   RID.16 24  11010 36 011 
2   RID.17 6  0 11 1000 
2   RID.18 15  100 9 00011 
2   RID.19 31  0111 21 11110 
2   RID.20 23  00010 31 000 
2   RID.21 23  111111 23 110010 
2   RID.22 4  000 13 01 
2   RID.23 37  11111 31 111 
2   RID.24 18  1 4 100 
2   RID.25 27  100 29 0001 
2   RID.26 38  01000 31 0100 
2   RID.27 29  00 34 0011 
1   RID.28 8  001 
2   RID.29 18  0 9 11000 
2   RID.30 9  110001 14 111 
2   RID.31 25  0010 38 01000 
2   RID.32 29  11 35 111 
2   RID.33 13  00 9 000000 
2   RID.34 14  000 7 00 
2   RID.35 18  1 9 011111 
2   RID.36 36  000 31 000 
2   RID.37 26  100 34 0000 
2   RID.38 43  11 31 1100 
2   RID.39 9  00000 9 00000 
2   RID.40 29  00 31 0000 
2   RID.41 29  0000 38 0010 
2   RID.42 30  101 21 110 
2   RID.43 29  00 29 0000 
2   RID.44 43  0 33 000 
2   RID.45 7  00 15 000 
2   RID.46 9  00011 18 1 
2   RID.47 29  01 34 1011 
2   RID.48 9  0000 19 00 
2   RID.49 23  0001 24 10100 
2   RID.50 18  0 8 000 
2   RID.51 35  011 31 111 
2   RID.52 30  101 43 1 
2   RID.53 32  000 23 000 
2   RID.54 27  101 36 111 
2   RID.55 24  00100 31 000 
2   RID.56 33  0001 30 101 
2   RID.57 9  00000 14 000 
1   RID.58 31  0100 
2   RID.59 35  011 29 10 
2   RID.60 21  0101 33 100 
2   RID.61 7  10 17 01 
2   RID.62 31  000 36 0000 
2   RID.63 31  011 42 1 
2   RID.64 30  0010 38 0100 
2   RID.65 27  000 31 0000 
2   RID.66 34  0000 33 000 
2   RID.67 38  01000 31 010 
2   RID.68 13  000 7 00 
2   RID.69 26  010 31 011 
2   RID.70 29  00 44 00 
2   RID.71 38  00100 23 000100 
2   RID.72 30  0111 44 1 
2   RID.73 6  011 9 101011 
2   RID.74 31  010 34 0011 
2   RID.75 11  0111 9 1001 
2   RID.76 34  1011 29 1101 
2   RID.77 34  1011 29 11 
2   RID.78 44  0 43 1 
2   RID.79 38  01000 31 0100 
2   RID.80 31  0000 36 0000 
2   RID.81 7  00 9 000111 
2   RID.82 36  110 26 0100 
2   RID.83 9  001011 8 110 
2   RID.84 28  000 34 0011 
2   RID.85 32  100 31 010 
2   RID.86 11  1011 9 1010 
2   RID.87 33  000 34 0011 
2   RID.88 33  110 42 01 
2   RID.89 34  0011 34 1011 
2   RID.90 15  001 6 101 
2   RID.91 29  00 30 0010 
2   RID.92 36  1100 29 000 
2   RID.93 32  100 43 0 
2   RID.94 29  0011 31 111 
2   RID.95 34  0011 33 1001 
2   RID.96 31  111 32 111 
2   RID.97 31  011 38 10101 
2   RID.98 23  0100 38 01000 
2   RID.99 34  1011 23 11101 
2   RID.100 9  00101 7 10 
2   RID.101 30  0000 39 0100 
2   RID.102 9  0001 11 1111 
2   RID.103 11  0001 14 100 
2   RID.104 29  0000 33 000 
2   RID.105 7  00 15 00 
2   RID.106 14  001 7 11 
2   RID.107 36  110 31 010 
2   RID.108 28  000 38 01000 
2   RID.109 18  0 7 0000 
2   RID.110 33  0000 36 000 
2   RID.111 30  0010 33 000 
2   RID.112 31  010 34 0011 
2   RID.113 43  1 31 111 
2   RID.114 14  110 7 00 
2   RID.115 17  01 9 101011 
2   RID.116 9  110001 17 10 
2   RID.117 34  0000 30 000 
2   RID.118 31  010 32 000 
2   RID.119 31  011 43 1 
2   RID.120 14  000 9 000000 
2   RID.121 13  111 13 111 
2   RID.122 33  110 27 010 
2   RID.123 32  100 29 0001 
2   RID.124 29  100 36 0100 
2   RID.125 34  0011 30 101 
2   RID.126 31  0111 44 1 
2   RID.127 9  0001 15 10 
1   RID.128 8  111 
1   RID.129 7  1001 
2   RID.130 29  00 31 0000 
2   RID.131 43  11 34 101 
2   RID.132 29  00 31 000 
2   RID.133 14  000 7 00 
1   RID.134 34  0011 
2   RID.135 9  00111 19 1 
2   RID.136 9  000000 18 0 
2   RID.137 31  0111 27 101 
2   RID.138 21  010 38 01000 
2   RID.139 31  111 34 1111 
2   RID.140 7  11 13 111 
2   RID.141 31  010 32 000 
2   RID.142 30  0111 31 111 
2   RID.143 9  00011 15 100 
2   RID.144 40  000 45 0 
2   RID.145 39  0100 33 010 
2   RID.146 33  000 33 000 
2   RID.147 11  1011 9 10 
2   RID.148 9  00 10 00000 
2   RID.149 14  000 9 01000 
2   RID.150 31  0100 36 010 
2   RID.151 33  110 39 0100 
2   RID.152 11  0000 6 0 
2   RID.153 31  010 29 00 
2   RID.154 9  00011 7 10 
2   RID.155 34  1011 34 1011 
2   RID.156 42  11 33 110 
2   RID.157 9  000000 4 010 
2   RID.158 36  0000 31 000 
2   RID.159 36  000 33 000 
2   RID.160 36  111 30 111 
1   RID.161 9 10000 
2   RID.162 33  000 36 00001 
2   RID.163 31  0000 29 00 
2   RID.164 34  0011 31 110 
2   RID.165 15  100 9 0001 
2   RID.166 33  011 21 110 
2   RID.167 32  111 30 101 
2   RID.168 24  10000 30 001 
2   RID.169 32  000 42 00 
2   RID.170 9  110001 15 1000 
2   RID.171 33  110 41 01 
2   RID.172 32  000 43 00 
2   RID.173 23  000100 34 0000 
2   RID.174 33  111 25 1011 
2   RID.175 9  010010 15 0010 
2   RID.176 31  0100 30 0010 
2   RID.177 34  101 23 1110 
2   RID.178 21  01 31 110 
2   RID.179 33  000 34 0011 
2   RID.180 31  0100 34 0011 
2   RID.181 31  011 32 111 
1   RID.182 8 111 
2   RID.183 31  010 43 0 
2   RID.184 15  001 1 11 
2   RID.185 7  00 9 00000 
2   RID.186 9  0001 11 1111 
2   RID.187 38  00100 29 0000 
2   RID.188 9  0000 17 00 
2   RID.189 7  00 17 00 
2   RID.190 34  0011 31 1111 
2   RID.191 33  000 43 0 
2   RID.192 31  000 29 0000 
2   RID.193 43  1 30 011 
2   RID.194 9  000111 4 100 
2   RID.195 11  0000 17 00 
2   RID.196 18  1 1 11 
2   RID.197 35  111 30 111 
2   RID.198 31  010 38 01000 
2   RID.199 44  0 36 0000 
2   RID.200 37  00010 21 00000 
2   RID.201 36  0000 24 00100 
2   RID.202 30  000 33 000 
2   RID.203 9  00000 5 00 
2   RID.204 31  010 34 0011 
2   RID.205 6  101 15 101 
2   RID.206 34  1011 34 1011 
2   RID.207 7  00 15 0000 
2   RID.208 32  000 36 00001 
2   RID.209 42  0 31 110 
2   RID.210 9  0001 17 10 
2   RID.211 33  11 35 111 
2   RID.212 31  011 33 1101 
2   RID.213 30  011 32 111 
2   RID.214 33  111 34 1011 
2   RID.215 26  100 33 000 
2   RID.216 33  110 38 00100 
2   RID.217 30  000 33 000 
2   RID.218 9  1110 17 00 
2   RID.219 30  000 35 000 
2   RID.220 9  0001 9 100111 
2   RID.221 14  111 9 1010 
2   RID.222 38  00100 32 000 
2   RID.223 43  1 31 010 
2   RID.224 27  110 34 0011 
2   RID.225 36  000 33 000 
2   RID.226 28  000 38 01111 
1   RID.227 31  010 
2   RID.228 35  011 31 111 
2   RID.229 31  011 35 111 
2   RID.230 7  00 15 00 
2   RID.231 31  011 22 1110 
2   RID.232 44  1 33 000 
2   RID.233 43  0 34 0000 
2   RID.234 33  110 31 011 
2   RID.235 33  000 35 011 
2   RID.236 33  000 31 010 
2   RID.237 32  000 29 0000 
2   RID.238 29  00 37 00010 
2   RID.239 29  0011 38 10110 
2   RID.240 29  00 35 011 
2   RID.241 24  10010 33 000 
2   RID.242 9  0001 17 10 
2   RID.243 33  000 29 000 
1   RID.244 9 01111 
2   RID.245 7  0011 15 100 
2   RID.246 34  111 30 111 
2   RID.247 31  010 29 00 
2   RID.248 29  0000 31 0000 
2   RID.249 9  00000 11 0000 
2   RID.250 31  111 41 10 
2   RID.251 38  01000 33 000 
2   RID.252 7  00 13 00 
2   RID.253 32  111 23 111010 
2   RID.254 33  110 36 01001 
2   RID.255 44  1 33 100 
2   RID.256 32  000 44 0 
2   RID.257 23  0100 31 010 
2   RID.258 33  000 36 01010 
2   RID.259 4  110 15 00 
2   RID.260 34  1111 35 1111 
2   RID.261 26  011 31 1111 
2   RID.262 26  010 31 010 
2   RID.263 31  011 33 110 
2   RID.264 9  11111 17 11 
2   RID.265 33  000 38 00101 
2   RID.266 33  000 27 0000 
2   RID.267 34  0000 38 00100 
2   RID.268 31  000 36 000 
2   RID.269 31  011 31 1111 
2   RID.270 32  000 38 00100 
2   RID.271 7  00 15 000 
2   RID.272 31  111 43 1 
2   RID.273 10  00111 7 10 
2   RID.274 9  00000 15 0000 
2   RID.275 3  1110 11 0000 
2   RID.276 34  001 29 10 
2   RID.277 31  0111 24 10000 
1   RID.278 10 01111 
2   RID.279 38  11110 31 011 
2   RID.280 17  00 9 00011 
2   RID.281 30  101 31 111 
2   RID.282 9  000000 9 00000 
2   RID.283 29  01 35 111 
2   RID.284 29  0101 38 1010 
2   RID.285 33  0001 38 11000 
2   RID.286 29  0001 27 100 
2   RID.287 9  00101 7 11 
2   RID.288 9  00 11 0011 
2   RID.289 33  1101 27 110 
2   RID.290 35  111 31 1111 
2   RID.291 34  0011 33 111 
2   RID.292 9  1110 15 00 
2   RID.293 17  00 7 00 
2   RID.294 33  000 43 0 
2   RID.295 31  011 25 1011 
2   RID.296 22  0000 31 000 
2   RID.297 31  000 37 00010 
2   RID.298 37  00010 30 0000 
2   RID.299 30  0010 36 0101 
2   RID.300 25  0100 33 000 
2   RID.301 31  0000 29 0000 
2   RID.302 29  0000 38 00100 
2   RID.303 43  0 30 0011 
2   RID.304 21  11 21 11 
2   RID.305 29  0000 34 0000 
2   RID.306 32  000 35 000 
2   RID.307 9  001011 15 110 
2   RID.308 31  011 23 111011 
2   RID.309 34  1111 31 111 
2   RID.310 7  011 13 11 
2   RID.311 23  110000 35 011 
2   RID.312 33  0000 34 0000 
2   RID.313 41  00 29 0000 
2   RID.314 31  0111 40 100 
2   RID.315 23  110 30 001 
2   RID.316 33  111 42 1 
2   RID.317 34  0000 33 00 
2   RID.318 29  1001 21 1111 
2   RID.319 31  011 36 11001 
2   RID.320 11  1011 4 100 
2   RID.321 33  110 37 00010 
2   RID.322 32  100 33 0001 
2   RID.323 7  00 16 000 
2   RID.324 15  100 9 000111 
2   RID.325 15  00 8 000 
2   RID.326 7  00 7 01 
2   RID.327 38  0010 31 0000 
2   RID.328 17  00 11 0000 
2   RID.329 33  000 38 01000 
2   RID.330 15  100 7 00 
2   RID.331 7  000 11 0111 
2   RID.332 31  1111 43 1 
2   RID.333 31  010 30 0010 
2   RID.334 31  0111 33 110 
2   RID.335 31  0100 33 0001 
2   RID.336 33  000 33 0001 
2   RID.337 1  10 15 01 
2   RID.338 8  000 15 0000 
2   RID.339 32  111 21 11 
2   RID.340 31  000 33 0000 
2   RID.341 7  00 14 000 
2   RID.342 9  1110 15 001 
2   RID.343 38  01000 32 000 
2   RID.344 43  1 31 010 
2   RID.345 44  0 32 000 
2   RID.346 9  110001 8 111 
2   RID.347 26  010 31 010 
2   RID.348 9  0000 11 0000 
2   RID.349 9  00000 15 000 
2   RID.350 3  0001 14 111 
2   RID.351 27  110 34 0011 
2   RID.352 34  0000 29 00 
2   RID.353 31  0100 30 001 
2   RID.354 30  001 35 111 
2   RID.355 33  000 31 0000 
2   RID.356 38  00100 26 0000 
2   RID.357 9  00000 15 0000 
2   RID.358 15  10 7 00 
2   RID.359 31  0111 24 11011 
1   RID.360 11 1000 
2   RID.361 23  000 30 0000 
2   RID.362 31  0111 29 1101 
2   RID.363 26  100 35 000 
2   RID.364 33  0000 30 000 
2   RID.365 41  01 33 110 
2   RID.366 30  0000 35 000 
2   RID.367 30  0000 34 0000 
2   RID.368 8  011 8 100 
2   RID.369 38  00100 29 0000 
2   RID.370 27  000 31 0000 
2   RID.371 19  0 18 0 
2   RID.372 34  0100 23 000 
2   RID.373 27  1000 33 0001 
2   RID.374 30  0000 31 0000 
2   RID.375 31  111 29 101 
2   RID.376 11  0000 1 11 
2   RID.377 21  01010 34 0011 
2   RID.378 29  0000 31 000 
2   RID.379 9  00000 14 000 
2   RID.380 27  000 32 000 
2   RID.381 29  0000 38 00100 
2   RID.382 33  0000 31 0000 
2   RID.383 18  0 6 00 
2   RID.384 34  0011 22 1010 
2   RID.385 31  000 31 000 
2   RID.386 7  00 15 00 
2   RID.387 26  1000 31 000 
2   RID.388 9  00101 15 100 
2   RID.389 15  100 7 00 
2   RID.390 27  0000 29 0000 
1   RID.391 11  0111 
2   RID.392 33  110 37 00010 
2   RID.393 13  11 7 10 
2   RID.394 30  1011 26 111 
2   RID.395 13  000 7 00 
2   RID.396 1  10 15 01 
2   RID.397 33  0000 34 000 
