171
27
2   RID.0 7  10 15 000 
2   RID.1 20  10111 17 10 
2   RID.2 18  00 9 000000 
2   RID.3 17  00 12 00000 
2   RID.4 11  000000 11 000000 
2   RID.5 7  00 12 00000 
2   RID.6 9  000000 20 00111 
2   RID.7 17  10 11 010000 
2   RID.8 16  00 7 000 
2   RID.9 16  00 17 00 
2   RID.10 15  000 10 00000 
2   RID.11 11  000000 16 00 
2   RID.12 19  00000 11 010000 
2   RID.13 16  11 16 10 
2   RID.14 17  00 12 00000 
2   RID.15 9  000000 15 000 
2   RID.16 17  00 17 00 
2   RID.17 11  000000 25 001 
2   RID.18 11  000100 16 00 
2   RID.19 14  000 17 00 
2   RID.20 17  10 16 01 
2   RID.21 11  00000 15 00 
2   RID.22 25  001 10 100000 
2   RID.23 2  00100 15 00 
2   RID.24 15  000 11 000000 
2   RID.25 17  01 2 11001 
2   RID.26 10  00000 15 000 
2   RID.27 1  1 12 00000 
2   RID.28 17  00 12 00000 
2   RID.29 4  1001 15 100 
2   RID.30 23  11 11 100000 
2   RID.31 11  101111 12 11111 
2   RID.32 17  10 16 01 
2   RID.33 11  000000 17 00 
2   RID.34 7  1110 16 00 
2   RID.35 16  10 17 01 
2   RID.36 17  10 11 010000 
2   RID.37 11  010000 17 00 
2   RID.38 17  00 12 00000 
2   RID.39 11  010000 7 0001 
2   RID.40 7  00 12 00000 
2   RID.41 17  00 7 0000 
2   RID.42 18  0000 12 00000 
2   RID.43 16  01 15 101 
2   RID.44 15  110 18 01 
2   RID.45 15  000 18 00 
1   RID.46 11  000000 
2   RID.47 19  00000 15 001 
2   RID.48 10  101000 17 00 
2   RID.49 17  000 7 00 
2   RID.50 5  0010 22 011 
2   RID.51 15  011 11 100010 
2   RID.52 3  0100 16 000 
2   RID.53 14  010 17 00 
2   RID.54 20  01000 16 001 
2   RID.55 11  000000 17 00 
2   RID.56 12  00000 20 00111 
2   RID.57 7  00 12 00000 
2   RID.58 19  01011 15 100 
2   RID.59 10  00000 17 000 
2   RID.60 15  000 10 00000 
2   RID.61 15  000 15 000 
2   RID.62 15  000 9 000000 
2   RID.63 19  010111 12 10000 
2   RID.64 14  000 24 00 
2   RID.65 10  00000 27 0 
2   RID.66 16  00 6 010 
2   RID.67 11  000000 19 01011 
2   RID.68 21  0111 15 100 
2   RID.69 12  00000 11 000000 
2   RID.70 9  000 11 000000 
2   RID.71 17  00 10 000000 
2   RID.72 11  000000 16 00 
2   RID.73 16  010 14 000 
2   RID.74 19  00000 7 0001 
2   RID.75 27  1 16 10 
2   RID.76 10  000000 20 00111 
2   RID.77 14  000 10 00000 
2   RID.78 20  10111 16 10 
2   RID.79 12  10000 3 0010 
2   RID.80 7  1000 15 000 
1   RID.81 16 00 
2   RID.82 17  00 14 000 
2   RID.83 7  1000 11 000000 
2   RID.84 9  000 17 00 
2   RID.85 8  110 17 01 
2   RID.86 17  10 10 001000 
2   RID.87 17  00 9 000000 
2   RID.88 16  00 25 00 
2   RID.89 19  10100 17 01 
2   RID.90 18  00 11 000000 
2   RID.91 17  10 15 001 
2   RID.92 8  000 12 00000 
2   RID.93 16  10 18 01 
2   RID.94 19  00000 7 0001 
2   RID.95 11  101111 12 11111 
2   RID.96 19  0101 11 100000 
2   RID.97 20  10111 11 100000 
2   RID.98 12  00000 7 0000 
2   RID.99 7  100 16 00 
2   RID.100 18  00 11 000000 
2   RID.101 11  101111 9 101 
2   RID.102 12  00000 7 0000 
2   RID.103 11  000000 17 00 
2   RID.104 27  1 16 00 
2   RID.105 16  00 19 01011 
2   RID.106 24  011 12 10000 
2   RID.107 9  00000 14 000 
2   RID.108 18  00 13 0000 
2   RID.109 17  00 16 00 
1   RID.110 11  000000 
2   RID.111 8  110 19 001000 
2   RID.112 15  00 2 00100 
2   RID.113 11  000000 7 0000 
2   RID.114 16  00 25 00 
2   RID.115 10  000000 17 000 
2   RID.116 11  101101 17 10 
2   RID.117 7  1000 18 0010 
2   RID.118 11  000000 7 0000 
2   RID.119 17  00 19 0101 
2   RID.120 15  000 12 00000 
2   RID.121 17  000 18 00 
2   RID.122 20  00000 16 01 
2   RID.123 17  00 9 000000 
2   RID.124 15  001 17 10 
2   RID.125 17  01 7 1110 
2   RID.126 14  000 2 00100 
2   RID.127 11  000000 16 00 
2   RID.128 19  01011 13 1000 
2   RID.129 17  01 8 110 
2   RID.130 9  101 17 11 
2   RID.131 9  101 18 11 
2   RID.132 19  010111 7 1000 
2   RID.133 15  000 15 000 
2   RID.134 17  011 1 111 
2   RID.135 11  000000 16 00 
2   RID.136 7  1110 16 00 
2   RID.137 17  00 10 000000 
2   RID.138 10  00000 16 00 
2   RID.139 2  00010 17 00 
2   RID.140 7  1110 16 00 
2   RID.141 17  000 7 0000 
2   RID.142 10  000000 17 00 
2   RID.143 7  1000 12 00000 
2   RID.144 23  11 11 100000 
2   RID.145 17  00 2 00100 
2   RID.146 17  00 11 000000 
2   RID.147 4  01000 16 01 
2   RID.148 16  10 2 01001 
2   RID.149 17  00 2 00100 
2   RID.150 12  01111 24 10 
2   RID.151 12  10000 15 001 
2   RID.152 8  000 17 00 
2   RID.153 19  01011 13 1000 
2   RID.154 3  0100 18 001 
2   RID.155 21  0111 15 100 
2   RID.156 18  00 11 00000 
2   RID.157 16  00 7 000 
2   RID.158 17  10 14 000 
2   RID.159 15  000 24 00 
2   RID.160 12  00000 17 00 
2   RID.161 17  10 12 00000 
2   RID.162 11  000000 17 000 
2   RID.163 18  00 11 000000 
2   RID.164 7  1000 11 000000 
2   RID.165 15  001 20 10000 
2   RID.166 11  000000 11 000000 
2   RID.167 18  00 7 0001 
2   RID.168 17  00 11 000000 
2   RID.169 19  00000 11 010000 
2   RID.170 1  10001 11 110000 
