Number of Haplotypes 98
2   RID.0 76  00 67 00100 
2   RID.1 86  00 92 0000 
2   RID.2 25  00010 13 0000001 
2   RID.3 63  10000000 58 0001110000 
2   RID.4 85  000 89 0000 
2   RID.5 19  000010000 1 10 
2   RID.6 64  0100001 63 10100001 
2   RID.7 40  10011 70 1001 
2   RID.8 52  0100100100 58 0100000000 
2   RID.9 87  00 93 000 
2   RID.10 55  1101010000000 48 000111 
2   RID.11 8  00000000 29 00 
2   RID.12 73  010 55 010000000 
2   RID.13 19  001001101 6 1 
2   RID.14 7  0 17 11010111 
2   RID.15 88  0 93 100 
2   RID.16 14  10000010 26 0001 
2   RID.17 18  100010000 3 0111 
2   RID.18 74  00 62 01000000 
2   RID.19 14  011010010 24 001111 
2   RID.20 58  00011100000 55 010000111000 
2   RID.21 7  000000 16 00000000 
2   RID.22 90  000000 87 00 
2   RID.23 83  001 89 10 
2   RID.24 23  000010 3 0111 
1   RID.25 16 10100100 
2   RID.26 92  0000 89 01 
2   RID.27 64  00110000 62 00001100 
2   RID.28 75  00 71 00100 
2   RID.29 71  00100 52 0100100 
2   RID.30 7  100100 20 000000000 
2   RID.31 33  1111000 3 0110 
2   RID.32 58  0100000000 68 0100 
2   RID.33 90  00000 81 00 
2   RID.34 63  00100001 70 1011 
2   RID.35 63  1000000 76 0 
2   RID.36 48  000000 69 0000 
2   RID.37 14  10000010 26 0001 
2   RID.38 27  000 16 000000000 
2   RID.39 76  0 62 00000001 
2   RID.40 40  10011 70 1001 
2   RID.41 82  0100 89 000 
2   RID.42 20  001000010 30 0 
2   RID.43 71  00100 55 010101000 
2   RID.44 8  11001101 14 111010010 
2   RID.45 24  000001 3 1010 
2   RID.46 28  000 7 0000000 
2   RID.47 82  1000 88 00 
2   RID.48 70  00010 63 0001100 
2   RID.49 89  111 89 111 
2   RID.50 52  010010010 74 00 
2   RID.51 92  0110 89 011 
2   RID.52 55  010000000100 76 00 
2   RID.53 88  00 89 0000 
2   RID.54 54  1101101000 68 0010 
2   RID.55 52  0000100 75 00 
2   RID.56 72  0010 55 010000000 
2   RID.57 72  1101 63 10100001 
2   RID.58 68  0000 72 0100 
2   RID.59 93  001 89 1001 
2   RID.60 18  000000000 27 000 
2   RID.61 71  00100 60 0000001100 
2   RID.62 76  011 60 1000000010 
2   RID.63 14  00000000 16 00000000 
2   RID.64 45  0000000 64 0000010 
2   RID.65 96  10 89 0000 
2   RID.66 88  00 89 00000 
2   RID.67 10  100010000 17 000100000 
2   RID.68 90  000000 88 00 
2   RID.69 76  00 53 0110110100 
2   RID.70 14  000001111 27 1100 
2   RID.71 90  00000 85 000 
2   RID.72 58  0000000011 55 110000000001 
2   RID.73 89  1110 98 0 
2   RID.74 82  10 89 0000 
2   RID.75 70  0001 54 101001000 
2   RID.76 89  000 89 00000 
2   RID.77 24  00000 13 0000000 
2   RID.78 63  1000000 76 00 
2   RID.79 52  010010 63 0000001 
2   RID.80 63  0100001 58 1000001000 
2   RID.81 76  0 46 0010100 
2   RID.82 55  010000111000 68 0000 
2   RID.83 88  00 90 00000 
2   RID.84 14  01101001 16 10100100 
2   RID.85 93  0010 86 00 
2   RID.86 64  0000000 64 00000000 
2   RID.87 54  1101101000 68 0010 
2   RID.88 49  001111 77 110 
2   RID.89 89  00 85 000 
2   RID.90 83  001 89 1000 
2   RID.91 16  000010000 29 00 
2   RID.92 89  1011 89 10 
2   RID.93 62  11000000 59 0011100000 
2   RID.94 91  00000 86 000 
2   RID.95 63  0110001 52 1100100000 
2   RID.96 21  00000001 8 111100000 
2   RID.97 59  10000000001 76 10 
2   RID.98 92  0000 87 00 
2   RID.99 89  0 89 00000 
2   RID.100 93  000 88 0 
2   RID.101 89  00000 83 000 
2   RID.102 19  000000000 24 000000 
2   RID.103 76  01 55 110101000 
2   RID.104 58  1010000100 76 0 
2   RID.105 56  101110000000 76 01 
2   RID.106 75  00 71 00100 
2   RID.107 10  100010010 30 01 
2   RID.108 88  00 96 001 
2   RID.109 19  001001101 7 1 
2   RID.110 18  100010000 32 01100111 
2   RID.111 95  010 89 0000 
2   RID.112 58  1010000100 76 0 
2   RID.113 88  0 85 000 
2   RID.114 72  0010 52 0100100000 
2   RID.115 92  0110 89 011 
2   RID.116 55  010000111000 68 0000 
2   RID.117 94  0000 89 000 
2   RID.118 72  1101 52 111101111 
2   RID.119 20  000000000 28 000 
2   RID.120 62  11000000 72 0100 
2   RID.121 94  0101 89 100 
2   RID.122 76  101 56 100000001000 
2   RID.123 89  11 92 1000 
2   RID.124 3  0111 18 100010000 
2   RID.125 77  000 62 00000001 
2   RID.126 24  000100 8 00000100 
2   RID.127 58  0001110000 53 000100001 
2   RID.128 19  00000000 28 000 
2   RID.129 83  100 90 00000 
2   RID.130 72  0100 62 00000010 
2   RID.131 90  11011 87 11 
2   RID.132 93  000 88 0 
2   RID.133 3  1110 14 00000111 
2   RID.134 49  010001 64 1100001 
2   RID.135 64  0000100 62 00000010 
2   RID.136 70  0001 45 1101001 
2   RID.137 71  01101 62 10010000 
2   RID.138 75  00 67 00100 
2   RID.139 62  00000001 52 110010010 
2   RID.140 46  000000 66 000100 
2   RID.141 63  0001100 62 00001100 
1   RID.142 89 000 
2   RID.143 89  1110 91 00110 
2   RID.144 86  111 90 11011 
2   RID.145 19  00000000 8 00000000 
2   RID.146 56  100000001000 59 00000100001 
1   RID.147 90 110110 
2   RID.148 3  0110 31 00 
2   RID.149 10  01000000 18 011110010 
1   RID.150 89 000 
2   RID.151 67  00000 71 00100 
2   RID.152 14  00000111 17 101111001 
2   RID.153 64  01000010 52 001101101 
2   RID.154 88  00 88 0 
2   RID.155 86  00 88 00 
2   RID.156 17  000100000 20 00000000 
2   RID.157 70  000100 58 01000000000 
2   RID.158 88  0 90 00000 
2   RID.159 17  0000000000 26 0000 
2   RID.160 16  111111110 17 01001001 
2   RID.161 85  100 88 00 
2   RID.162 90  00000 88 00 
2   RID.163 16  101001001 8 11001101 
2   RID.164 20  00010000 20 00010000 
2   RID.165 63  0001100 54 0010000000 
2   RID.166 77  0001 64 1000010 
2   RID.167 90  00000 86 000 
2   RID.168 33  0000000 25 00001 
2   RID.169 27  0010 10 000010010 
2   RID.170 17  0100010000 24 000100 
2   RID.171 89  1110 97 00 
2   RID.172 33  0001000 19 00000000 
2   RID.173 88  11 90 11011 
2   RID.174 63  0001100 54 0010000000 
2   RID.175 20  10000000 17 0001000000 
2   RID.176 68  0000 49 000000 
2   RID.177 90  000000 89 0 
2   RID.178 16  00000000 18 000000000 
2   RID.179 2  10111 23 100010 
2   RID.180 50  00110 67 00101 
2   RID.181 20  00100001 27 1001 
2   RID.182 24  000001 20 10011000 
2   RID.183 17  0001000000 30 01 
2   RID.184 8  00000000 16 000000000 
2   RID.185 58  1010000000 68 0000 
2   RID.186 26  0100 3 0111 
2   RID.187 86  000 90 00000 
2   RID.188 96  10 89 0000 
2   RID.189 63  1000000 62 01000000 
2   RID.190 10  010000000 16 00011110 
2   RID.191 64  0000100 70 0001 
2   RID.192 59  00111000000 55 010000111000 
2   RID.193 90  000000 87 00 
2   RID.194 29  00 7 011010 
2   RID.195 29  00 10 000000000 
2   RID.196 89  00 93 0000 
2   RID.197 76  0 55 010010000000 
2   RID.198 19  01000000 7 0001000 
2   RID.199 62  00010000 71 01101 
2   RID.200 52  000010 63 00000000 
2   RID.201 59  0000010000 72 0010 
2   RID.202 19  000000000 30 01 
2   RID.203 5  11 17 1100010000 
2   RID.204 87  00 93 000 
2   RID.205 56  101010000000 76 01 
2   RID.206 13  0100000 20 000000000 
2   RID.207 29  01 6 1 
2   RID.208 63  00100001 52 1011011 
2   RID.209 89  00 85 000 
2   RID.210 20  000000001 17 1011110010 
2   RID.211 19  000010000 23 000000 
2   RID.212 82  001 90 1101 
2   RID.213 76  0 61 100000001 
2   RID.214 17  010001000 25 00100 
2   RID.215 17  0000000000 14 0000000000 
2   RID.216 18  100010000 3 0111 
2   RID.217 17  0001000000 31 0000000 
2   RID.218 95  000 88 00 
2   RID.219 88  11 90 110110 
2   RID.220 10  010000000 34 000000 
2   RID.221 31  10 17 0000000000 
2   RID.222 95  000 89 0000 
2   RID.223 17  100000100 17 000000100 
2   RID.224 93  000 89 000 
2   RID.225 31  1000100 19 000010000 
2   RID.226 76  00 55 010010000000 
2   RID.227 8  110011011 31 11110000 
2   RID.228 7  1 22 0000000 
2   RID.229 89  00 81 0 
2   RID.230 14  00000111 3 1110 
2   RID.231 59  00111000000 70 000100 
2   RID.232 63  00011000 52 000010 
2   RID.233 16  00000000 12 0000000 
2   RID.234 76  000 52 010010010 
2   RID.235 17  000100000 30 0 
2   RID.236 82  001 90 1101 
2   RID.237 69  1010 54 001000000 
2   RID.238 55  010000111 63 10000000 
2   RID.239 83  010 92 0110 
2   RID.240 76  0 67 00000 
2   RID.241 75  0 62 00001100 
2   RID.242 42  00000 63 0100001 
2   RID.243 64  0000010 49 000010 
2   RID.244 27  0000 7 00 
2   RID.245 88  00 81 00 
2   RID.246 70  0001 49 101111 
2   RID.247 90  001001 87 10 
2   RID.248 89  0000 88 00 
2   RID.249 70  00010 57 00000000011 
2   RID.250 16  01000001 1 10 
2   RID.251 20  001000010 17 00110101 
2   RID.252 86  000 90 00000 
2   RID.253 67  00100 75 00 
2   RID.254 7  100 29 00 
2   RID.255 56  100000001000 64 0000010 
2   RID.256 84  000 96 00 
2   RID.257 87  00 90 0000 
2   RID.258 70  000100 52 000010000 
2   RID.259 92  0110 81 00 
2   RID.260 28  000 20 000000000 
2   RID.261 72  0100 55 010000000001 
2   RID.262 59  00111000000 47 0000000 
2   RID.263 55  010000111000 68 0000 
2   RID.264 18  100100110 28 001 
2   RID.265 87  00 98 0 
2   RID.266 16  00011110 14 000001111 
2   RID.267 63  0000001 74 10 
1   RID.268 68 0000 
2   RID.269 53  0111010100 68 00000 
2   RID.270 12  0010010 16 01000001 
2   RID.271 12  0010010 16 01000001 
2   RID.272 75  0 61 100001100 
2   RID.273 52  0000100 68 0000 
2   RID.274 68  0100 55 010010000000 
2   RID.275 89  11 93 100 
2   RID.276 61  000000001 72 1100 
2   RID.277 96  10 89 00000 
2   RID.278 18  000000000 16 00000000 
2   RID.279 17  010001000 24 000100 
2   RID.280 90  001001 89 100 
2   RID.281 89  1110 82 00 
2   RID.282 7  1111101 18 100100110 
2   RID.283 18  000001000 31 0000100 
2   RID.284 13  0000001 19 100000000 
2   RID.285 17  0001000000 30 01 
2   RID.286 89  0000 95 000 
2   RID.287 8  001000100 28 010 
2   RID.288 28  000 19 00000000 
2   RID.289 89  0000 89 000 
2   RID.290 89  1110 92 0110 
2   RID.291 89  11 96 110 
