255
29
2   RID.0 12  000 21 00000 
2   RID.1 20  00 15 00100 
2   RID.2 15  11101 14 1 
2   RID.3 8  110 4 0111 
2   RID.4 20  000 9 000 
2   RID.5 15  00100 8 000 
2   RID.6 20  001000 15 01101 
2   RID.7 14  0 8 111 
2   RID.8 7  011 15 101000 
2   RID.9 12  100 21 00111 
2   RID.10 10  00 25 0 
2   RID.11 8  000 12 001 
2   RID.12 21  01000 15 001 
2   RID.13 11  0001 5 101 
2   RID.14 21  00000 12 000 
1   RID.15 8  000 
2   RID.16 2  000 8 000 
2   RID.17 8  000 11 0001 
2   RID.18 1  1 8 111 
2   RID.19 21  00000 12 000 
2   RID.20 15  00100 10 000 
2   RID.21 15  00100 17 0000 
2   RID.22 9  000 7 01 
2   RID.23 11  000 15 0010 
2   RID.24 3  0111 12 101 
2   RID.25 22  1000 15 00100 
2   RID.26 12  001 15 10100 
2   RID.27 15  11101 15 111 
2   RID.28 8  000 2 0001 
2   RID.29 9  000 7 01 
2   RID.30 12  001 15 101000 
2   RID.31 14  1 12 001 
2   RID.32 20  00 7 011 
2   RID.33 20  0000 21 00000 
2   RID.34 15  00100 8 000 
2   RID.35 8  000 12 000 
2   RID.36 12  001 6 111 
2   RID.37 11  0000 15 00101 
2   RID.38 8  011 15 111 
2   RID.39 20  1 15 11101 
2   RID.40 20  11 8 111 
2   RID.41 20  00 11 0000 
2   RID.42 15  00 15 001000 
2   RID.43 5  000 11 0001 
2   RID.44 15  0 8 100 
2   RID.45 9  000 7 01 
2   RID.46 15  00100 11 0001 
2   RID.47 21  00000 12 000 
2   RID.48 11  0100 6 00 
2   RID.49 6  111 9 111 
2   RID.50 12  000 9 000 
2   RID.51 15  1 6 00 
2   RID.52 20  00100 12 001 
2   RID.53 10  10 3 01111 
2   RID.54 15  00100 17 0000 
2   RID.55 8  011 11 1100 
2   RID.56 25  0 15 001000 
2   RID.57 21  10111 15 11111 
2   RID.58 15  10101 8 100 
2   RID.59 10  00 12 001 
2   RID.60 2  00011 8 101 
2   RID.61 11  0100 2 0011 
2   RID.62 9  111 8 111 
2   RID.63 21  10111 15 110101 
2   RID.64 20  001 15 10100 
2   RID.65 2  000 12 000 
2   RID.66 8  001 15 1 
2   RID.67 19  00 11 0001 
2   RID.68 11  0001 9 100 
1   RID.69 19  00 
2   RID.70 9  000 8 001 
2   RID.71 15  1 15 10101 
2   RID.72 10  10 3 01111 
2   RID.73 8  001 8 100 
2   RID.74 1  1 7 011 
2   RID.75 19  10 14 0 
2   RID.76 17  1000 15 00100 
2   RID.77 24  00 15 0 
2   RID.78 15  00100 12 001 
2   RID.79 8  011 5 100 
2   RID.80 8  000 15 00 
2   RID.81 11  1111 15 11010 
2   RID.82 15  1 11 000 
2   RID.83 21  00000 15 00101 
2   RID.84 14  1 21 11000 
2   RID.85 23  000 12 001 
2   RID.86 5  000 11 0000 
2   RID.87 22  0000 11 0000 
2   RID.88 11  0001 5 100 
2   RID.89 17  1000 10 00 
2   RID.90 18  010 2 000 
2   RID.91 3  01111 11 110 
2   RID.92 25  0 15 00100 
2   RID.93 8  000 10 00 
1   RID.94 11 0001 
2   RID.95 15  00100 21 01000 
2   RID.96 11  0001 15 10100 
2   RID.97 11  0001 7 111 
2   RID.98 15  00100 11 0001 
2   RID.99 15  001 11 1001 
2   RID.100 12  100 20 0101 
2   RID.101 11  0001 20 10 
2   RID.102 11  0000 15 00 
2   RID.103 6  001 11 1001 
2   RID.104 1  1 9 111 
2   RID.105 15  1010 8 000 
2   RID.106 20  110 14 0 
2   RID.107 6  00 10 00 
2   RID.108 11  000 12 001 
2   RID.109 8  111 17 1101 
2   RID.110 15  01010 11 0100 
2   RID.111 8  000 11 0001 
2   RID.112 8  000 5 000 
2   RID.113 15  101010 29 0 
2   RID.114 15  00100 20 001 
2   RID.115 20  0000 10 00 
2   RID.116 20  00 18 010 
2   RID.117 10  00 7 011 
2   RID.118 3  01111 10 10 
2   RID.119 11  0001 15 1010 
1   RID.120 8 011 
2   RID.121 11  0001 8 111 
2   RID.122 10  000 15 00101 
1   RID.123 15  00100 
2   RID.124 15  00100 20 00100 
2   RID.125 10  10 8 010 
2   RID.126 10  00 3 0011 
2   RID.127 8  000 11 0001 
2   RID.128 1  1 8 111 
2   RID.129 11  000 12 001 
2   RID.130 6  11 9 111 
2   RID.131 11  0001 7 111 
2   RID.132 12  001 15 10100 
2   RID.133 15  10101 24 10 
2   RID.134 10  00 3 0011 
2   RID.135 6  10 11 0110 
1   RID.136 8  101 
2   RID.137 15  101010 21 00000 
2   RID.138 11  000 15 0 
2   RID.139 15  001000 12 001 
2   RID.140 17  0101 22 1111 
2   RID.141 2  0001 11 100 
2   RID.142 11  000 15 00100 
2   RID.143 15  00100 20 001 
2   RID.144 12  001 2 100 
2   RID.145 17  1000 9 000 
2   RID.146 8  111 8 111 
2   RID.147 20  000 15 00101 
2   RID.148 15  00100 15 001000 
2   RID.149 4  0111 15 1010 
2   RID.150 15  0 23 000 
2   RID.151 20  001 15 10100 
2   RID.152 8  111 15 10100 
2   RID.153 6  001 11 100 
2   RID.154 15  00100 20 001 
2   RID.155 8  000 2 0001 
2   RID.156 8  001 5 111 
2   RID.157 3  00111 11 1001 
2   RID.158 10  10 3 01111 
2   RID.159 2  00011 7 111 
2   RID.160 11  0001 15 1010 
2   RID.161 20  000 15 0010 
2   RID.162 8  000 15 00100 
2   RID.163 15  1 6 001 
1   RID.164 12 101 
2   RID.165 8  010 2 0011 
2   RID.166 21  00000 15 00101 
2   RID.167 8  111 17 1000 
2   RID.168 21  01000 15 001000 
2   RID.169 7  011 20 10 
2   RID.170 8  111 11 111 
2   RID.171 8  000 14 0 
2   RID.172 26  1101 15 10101 
2   RID.173 11  0100 8 011 
2   RID.174 7  011 11 1001 
2   RID.175 9  000 14 0 
2   RID.176 12  001 2 100 
2   RID.177 8  011 11 1100 
2   RID.178 9  000 11 0001 
2   RID.179 19  00 15 00100 
2   RID.180 11  000 15 00101 
2   RID.181 20  001 15 10100 
2   RID.182 8  101 6 11 
2   RID.183 8  111 7 11 
2   RID.184 7  01 8 100 
2   RID.185 9  000 15 0010 
2   RID.186 12  000 8 000 
2   RID.187 15  00100 12 001 
2   RID.188 8  000 7 011 
2   RID.189 10  00 15 001000 
2   RID.190 8  111 2 1011 
2   RID.191 10  11 11 1110 
2   RID.192 12  100 15 0110 
2   RID.193 11  000 6 00 
2   RID.194 15  10101 21 10000 
2   RID.195 6  001 11 100 
2   RID.196 15  1 6 001 
1   RID.197 8  111 
2   RID.198 8  000 21 01000 
2   RID.199 15  1 11 000 
2   RID.200 12  001 9 10 
2   RID.201 8  000 15 0010 
2   RID.202 20  001 12 101 
2   RID.203 5  111 15 10100 
2   RID.204 5  000 8 011 
2   RID.205 11  000 21 00000 
2   RID.206 14  1 15 0010 
2   RID.207 15  11101 15 11101 
2   RID.208 11  0100 8 011 
2   RID.209 8  000 6 00 
2   RID.210 15  11111 8 111 
2   RID.211 15  00100 21 01000 
2   RID.212 23  000 11 0000 
2   RID.213 11  0000 9 000 
2   RID.214 8  011 8 111 
2   RID.215 15  11011 15 10100 
2   RID.216 5  000 10 000 
2   RID.217 15  10101 11 1000 
2   RID.218 10  11 8 111 
2   RID.219 15  1010 9 000 
2   RID.220 10  10 15 0110 
2   RID.221 8  111 10 11 
2   RID.222 8  000 3 0011 
2   RID.223 7  111 7 111 
2   RID.224 15  00100 14 0 
2   RID.225 8  111 11 1000 
1   RID.226 8 000 
2   RID.227 6  11 8 111 
2   RID.228 12  000 8 000 
2   RID.229 15  0011 15 1011 
2   RID.230 14  0 15 11101 
2   RID.231 20  001 9 100 
2   RID.232 10  000 15 001000 
2   RID.233 7  111 9 111 
2   RID.234 14  0 15 11010 
2   RID.235 21  10111 15 11010 
2   RID.236 12  001 15 10100 
2   RID.237 17  0101 15 11111 
2   RID.238 8  011 5 100 
2   RID.239 14  0 15 0 
2   RID.240 15  00100 20 00 
2   RID.241 20  001 11 1001 
2   RID.242 10  00 7 011 
2   RID.243 21  10111 16 10101 
2   RID.244 29  1 15 101010 
2   RID.245 3  0011 11 1001 
2   RID.246 15  00100 22 0000 
2   RID.247 2  000 10 00 
2   RID.248 3  00111 9 100 
2   RID.249 6  001 8 111 
2   RID.250 6  10 8 011 
2   RID.251 10  00 11 0001 
2   RID.252 15  1110 11 0100 
2   RID.253 7  01 10 10 
1   RID.254 15  101010 
