Number of Haplotypes 24
2   RID.0 9  00 16 000 
2   RID.1 9  0 14 00000 
2   RID.2 11  1111 5 1110 
2   RID.3 9  111 13 11111 
2   RID.4 10  0111 19 1 
2   RID.5 11  000 20 01000 
2   RID.6 9  0011 19 100 
2   RID.7 12  00000 13 00000 
2   RID.8 7  100 19 010 
2   RID.9 6  001 11 101 
2   RID.10 19  00 12 00000 
2   RID.11 12  0000 14 00000 
2   RID.12 14  00000 10 0111 
2   RID.13 14  00000 9 001 
2   RID.14 12  0000 9 011 
2   RID.15 1  111 14 10000 
2   RID.16 7  100 10 0111 
2   RID.17 14  11111 11 111 
2   RID.18 13  00000 19 0000 
2   RID.19 11  1111 5 1110 
2   RID.20 17  00 12 0000 
2   RID.21 19  0 10 0101 
2   RID.22 20  01000 10 0111 
2   RID.23 12  1111 9 11 
2   RID.24 11  1111 9 1 
2   RID.25 9  1111 10 111 
2   RID.26 12  00000 20 010 
2   RID.27 6  110 11 011 
2   RID.28 9  0010 17 00 
2   RID.29 10  001 11 100 
2   RID.30 9  11 11 100 
2   RID.31 9  001 11 100 
2   RID.32 9  00 12 0000 
2   RID.33 9  0011 12 10000 
2   RID.34 9  111 20 10011 
2   RID.35 10  111 12 1111 
2   RID.36 21  1000 11 000 
1   RID.37 13  00000 
2   RID.38 16  111 11 1111 
2   RID.39 14  00000 10 010 
2   RID.40 4  000 10 0011 
2   RID.41 11  000 12 00000 
2   RID.42 10  0111 19 10 
2   RID.43 13  00000 14 00000 
2   RID.44 20  01000 13 00000 
2   RID.45 12  0000 21 0000 
2   RID.46 13  00000 9 0010 
2   RID.47 20  1001 13 11111 
2   RID.48 9  0001 12 10000 
2   RID.49 9  001 12 10000 
2   RID.50 14  11111 12 1111 
2   RID.51 14  00000 12 00000 
2   RID.52 11  000 9 001 
2   RID.53 12  0000 9 011 
2   RID.54 11  001 7 100 
2   RID.55 5  1110 11 0111 
2   RID.56 19  10 13 00000 
2   RID.57 12  00000 5 0000 
2   RID.58 13  00000 19 0001 
2   RID.59 19  0 9 1011 
2   RID.60 19  0 5 1000 
2   RID.61 9  001 11 100 
2   RID.62 12  11111 12 11101 
1   RID.63 9  0010 
2   RID.64 12  111111 6 110 
2   RID.65 14  11111 7 100 
2   RID.66 14  00000 7 00 
2   RID.67 12  00000 17 00 
2   RID.68 12  000000 12 011011 
2   RID.69 1  110 11 011 
2   RID.70 15  0000 10 011 
2   RID.71 12  11111 8 10 
2   RID.72 14  11111 6 110 
2   RID.73 9  111 16 111 
2   RID.74 9  0010 12 0000 
2   RID.75 9  111 13 11111 
2   RID.76 12  0000 1 1000 
2   RID.77 12  0000 10 0111 
2   RID.78 13  00000 14 00000 
2   RID.79 10  1011 4 100 
2   RID.80 19  1 9 001 
2   RID.81 16  000 5 0000 
2   RID.82 12  0000 19 0 
2   RID.83 3  11 10 111 
2   RID.84 9  0 10 1011 
2   RID.85 13  00000 12 0000 
2   RID.86 19  1 9 0011 
2   RID.87 14  00000 9 011 
2   RID.88 19  1 12 1111 
2   RID.89 5  0000 18 0 
2   RID.90 12  00000 12 0000 
2   RID.91 13  00000 13 000000 
2   RID.92 11  0000 1 000 
2   RID.93 7  10 10 0111 
2   RID.94 14  00000 10 011 
2   RID.95 11  111 19 1 
2   RID.96 12  0000 14 00000 
2   RID.97 12  11111 19 11 
2   RID.98 4  000 13 00000 
2   RID.99 10  1111 14 11111 
2   RID.100 12  0000 4 000 
2   RID.101 13  00000 4 000 
2   RID.102 13  00000 9 001 
2   RID.103 10  0011 9 1 
2   RID.104 19  1 19 1 
1   RID.105 14 11111 
2   RID.106 10  0101 17 10 
2   RID.107 12  0000 13 000000 
2   RID.108 15  0000 20 01000 
2   RID.109 10  0111 17 10 
2   RID.110 13  00000 19 00 
2   RID.111 9  11 14 11111 
2   RID.112 12  00000 13 000000 
2   RID.113 14  00000 9 0 
2   RID.114 19  100 13 00000 
2   RID.115 19  00 13 00000 
1   RID.116 12  1111 
2   RID.117 7  00 12 00000 
2   RID.118 11  111 1 010 
2   RID.119 19  00 12 00000 
2   RID.120 13  00000 13 00000 
2   RID.121 13  00000 9 0111 
2   RID.122 10  0111 20 110 
