Number of Haplotypes 57
2   RID.0 26  111111 18 10000001 
2   RID.1 11  00000 37 00000110 
2   RID.2 28  10100110011 20 101000 
2   RID.3 19  0000001 11 1000 
2   RID.4 26  1111111 33 100000000 
2   RID.5 26  111 36 10000011 
2   RID.6 20  000000 27 000000001 
2   RID.7 20  100000 26 0000000000 
2   RID.8 20  000000 25 011 
2   RID.9 15  0000000000 25 011 
2   RID.10 14  0000000 20 000000 
2   RID.11 31  00001001 10 1010 
2   RID.12 20  001000 26 0000000110 
2   RID.13 14  0000000000 28 00000110111 
2   RID.14 42  00000000 14 0000010000 
2   RID.15 14  000001 33 10000000 
2   RID.16 20  000000 21 00000 
2   RID.17 21  00000 26 011 
2   RID.18 36  000000110 18 00100000 
2   RID.19 11  000 26 0111111 
2   RID.20 36  000000110 20 000001 
2   RID.21 19  0000000 33 00000000 
2   RID.22 18  00001000 36 000000001 
2   RID.23 13  00001 25 111 
2   RID.24 20  000001 38 10001100 
2   RID.25 18  10000000 23 000 
2   RID.26 21  00101 28 1000000000 
2   RID.27 13  000010 26 0100000000 
2   RID.28 33  10011110 18 00000001 
2   RID.29 18  10000000 19 0000000 
2   RID.30 11  000 26 0111000111 
2   RID.31 12  100001 19 1000000 
2   RID.32 12  000000 27 0000001101 
2   RID.33 1  0 18 10000000 
2   RID.34 34  01001111 24 101 
2   RID.35 18  00001100 26 0000100110 
2   RID.36 37  00000000 14 0000010000 
2   RID.37 24  001 14 1100000100 
2   RID.38 1  1000000010 14 000000 
2   RID.39 26  1111111 12 100000 
2   RID.40 27  111101110 20 001000 
2   RID.41 1  0000 10 0000 
2   RID.42 21  00000 42 00011010 
1   RID.43 57 0 
2   RID.44 27  000000110 19 0000001 
2   RID.45 20  000000 10 0000 
2   RID.46 15  0000100001 24 101 
2   RID.47 18  00000000 26 0100000000 
2   RID.48 1  1 20 000010 
2   RID.49 20  000000 14 0001000000 
2   RID.50 16  000100001 20 100010 
2   RID.51 25  101 11 100 
2   RID.52 20  000010 24 001 
2   RID.53 10  001 27 1000000010 
2   RID.54 20  000001 26 11111 
2   RID.55 24  001 36 100000001 
2   RID.56 33  00000111 24 101 
2   RID.57 24  011 20 100101 
2   RID.58 20  000001 38 10001100 
2   RID.59 19  0010000 37 000000111 
2   RID.60 14  000100 19 0000000 
2   RID.61 14  00000100001 25 111 
2   RID.62 26  1111111 20 101000 
2   RID.63 33  000100000 25 011 
2   RID.64 24  001 10 110 
2   RID.65 25  01 16 101000000 
2   RID.66 17  000000000 26 0010000110 
2   RID.67 14  1111010111 28 1000000000 
2   RID.68 25  011 24 10 
2   RID.69 13  00000 26 0000001110 
2   RID.70 14  0000000010 21 01000 
2   RID.71 21  00010 20 000010 
2   RID.72 7  00000 26 0100000001 
2   RID.73 20  000000 41 00000010 
2   RID.74 32  0110111 20 101000 
2   RID.75 25  111 14 100000 
2   RID.76 24  001 33 100000000 
2   RID.77 24  011 1 110 
2   RID.78 27  1000000000 14 0001000000 
2   RID.79 49  01001000 20 000000 
2   RID.80 18  11110100 18 00100000 
2   RID.81 26  11111 20 100000 
2   RID.82 19  0000000 24 001 
2   RID.83 46  00101001000 14 000100 
2   RID.84 25  110 20 000101 
2   RID.85 20  000010 15 0000100001 
2   RID.86 18  10000000 54 001 
2   RID.87 14  0000000001 27 100000000 
2   RID.88 13  000000 26 011111 
2   RID.89 19  1000010 46 0010011010 
2   RID.90 26  1101110101 20 110000 
2   RID.91 37  00000000 25 01 
2   RID.92 26  1111111 20 100000 
2   RID.93 26  11111 24 101 
2   RID.94 33  00000000 25 01 
2   RID.95 1  1000 20 000000 
2   RID.96 27  000000000 11 0000 
2   RID.97 19  0000101 27 100000000 
2   RID.98 18  00000101 27 1000000000 
2   RID.99 26  0111111111 18 10001000 
2   RID.100 15  0000000000 19 0000001 
2   RID.101 21  00101 2 100010100 
2   RID.102 49  10100110 20 001000 
2   RID.103 14  00000100001 25 111 
2   RID.104 24  101 14 1101111111 
2   RID.105 42  0000000 20 000101 
2   RID.106 20  000000 24 001 
2   RID.107 20  000000 14 0001000 
2   RID.108 18  00010000 26 0101101101 
2   RID.109 20  000000 14 00010000000 
2   RID.110 28  0000111011 19 1000000 
2   RID.111 24  101 2 100000000 
2   RID.112 27  0000000000 18 00000101 
2   RID.113 21  00000 20 000000 
2   RID.114 20  100000 36 000000110 
2   RID.115 18  11111110 20 001000 
2   RID.116 11  0000 24 001 
2   RID.117 27  0100001101 24 101 
2   RID.118 20  100000 4 0000010 
2   RID.119 23  000 18 00000000 
2   RID.120 40  000000100 24 001 
2   RID.121 26  111111 14 1000100 
2   RID.122 20  100000 16 000010000 
2   RID.123 13  00001 20 100000 
2   RID.124 26  111111 26 1111110110 
2   RID.125 37  00000000 20 000000 
2   RID.126 20  000000 42 01111111 
2   RID.127 28  01010000000 24 001 
2   RID.128 20  000101 33 100000100 
2   RID.129 20  000000 42 01110001 
2   RID.130 14  0000000 20 000000 
2   RID.131 19  0000001 27 1000001101 
2   RID.132 10  0010 20 000000 
2   RID.133 15  0001000000 26 0011111010 
2   RID.134 25  01 33 10000000 
2   RID.135 15  0001000000 18 00000000 
2   RID.136 26  1011011110 20 000001 
2   RID.137 33  00000000 19 0000000 
2   RID.138 25  01 14 1100000010 
2   RID.139 24  111 26 1111101110 
2   RID.140 21  00000 26 0011111010 
2   RID.141 18  01000010 36 00000000 
2   RID.142 20  000010 14 00000100001 
2   RID.143 20  010000 1 110 
1   RID.144 1  1 
2   RID.145 1  0000 10 0000 
2   RID.146 20  100000 36 000000110 
2   RID.147 25  11 34 11001111 
2   RID.148 25  11 13 10000 
2   RID.149 19  1000010 27 0010100000 
2   RID.150 26  1111111000 13 0000010 
2   RID.151 27  1000000000 21 00000 
2   RID.152 20  001000 14 0101101111 
2   RID.153 27  000001110 1 1000000000 
2   RID.154 26  0000001110 20 000000 
2   RID.155 14  0000000010 27 0001001101 
2   RID.156 11  0010 18 00100000 
2   RID.157 20  001000 33 01001110 
2   RID.158 18  10000000 13 000001 
2   RID.159 36  1000000 20 000000 
2   RID.160 20  001000 49 01111101 
2   RID.161 20  000000 13 00001 
2   RID.162 24  001 28 1000111011 
2   RID.163 25  01 36 10111101 
2   RID.164 42  01110001 25 111 
2   RID.165 10  000 20 000001 
2   RID.166 11  0100 25 011 
2   RID.167 26  1111111 20 100000 
2   RID.168 21  01000 29 0000110111 
2   RID.169 31  00110011 13 111011 
2   RID.170 36  000000110 10 0110 
2   RID.171 20  100000 26 0111110101 
2   RID.172 42  11111111 18 10000000 
2   RID.173 39  000000010 20 000000 
2   RID.174 15  0010000000 45 01111111 
2   RID.175 26  1011011110 20 000001 
2   RID.176 24  001 20 100000 
2   RID.177 44  110100000 25 01 
2   RID.178 26  0000000000 10 000 
2   RID.179 39  1101111 20 101000 
2   RID.180 42  00011010 21 00000 
2   RID.181 13  000001 18 10000000 
2   RID.182 11  000 24 001 
2   RID.183 28  1000011011 18 10000000 
2   RID.184 26  0010000110 20 000000 
2   RID.185 19  0000101 27 100000000 
2   RID.186 11  100 19 0001000 
2   RID.187 45  01000000 24 001 
2   RID.188 24  101 14 10000100001 
2   RID.189 20  000010 14 0000010 
2   RID.190 19  0000001 46 10000000 
2   RID.191 26  111111 1 100000000 
2   RID.192 24  011 37 11100000 
1   RID.193 16  001000000 
2   RID.194 11  100 19 0001000 
2   RID.195 20  000000 13 0001000 
2   RID.196 11  0000 27 00000000000 
2   RID.197 4  1001000 33 00000000 
2   RID.198 34  00000000 21 00001 
2   RID.199 20  001000 46 01000000 
2   RID.200 18  00000001 26 111111 
2   RID.201 20  000000 27 0000000000 
2   RID.202 20  000000 12 000001 
2   RID.203 26  1111111 16 110000010 
2   RID.204 20  010000 41 00011010 
2   RID.205 14  0100000100 45 001000000 
2   RID.206 21  01000 25 01 
2   RID.207 26  0000000000 14 000000 
2   RID.208 33  000000000 19 0000000 
2   RID.209 25  110 20 000101 
2   RID.210 34  00000000 4 0000000 
2   RID.211 20  000000 26 0111100110 
2   RID.212 1  1 20 000010 
2   RID.213 14  010000 20 010000 
2   RID.214 27  000000000 5 000000 
2   RID.215 26  1111111 25 11 
2   RID.216 25  101 11 100 
2   RID.217 28  00010110111 11 100 
2   RID.218 20  001000 10 010 
2   RID.219 24  101 13 100000 
2   RID.220 11  001 26 111111 
2   RID.221 20  000000 14 0000000 
2   RID.222 20  000001 38 10001100 
2   RID.223 38  00001100 23 001 
2   RID.224 14  0000010000 26 0001010000 
2   RID.225 21  00010 20 000010 
2   RID.226 25  0111 20 100000 
2   RID.227 20  100000 26 0000000000 
2   RID.228 34  00000000 16 000000000 
2   RID.229 36  000000110 17 00000000 
2   RID.230 33  11111001 14 1100000100 
2   RID.231 16  100000000 26 0010000110 
2   RID.232 14  0100000100 45 001000000 
2   RID.233 35  01000000 15 0000001000 
2   RID.234 26  11111 13 1000000 
2   RID.235 29  0000000000 25 01 
2   RID.236 25  111 28 10000110111 
2   RID.237 26  11111 20 100101 
2   RID.238 14  1100111110 28 0011010111 
2   RID.239 26  0101101111 11 1010 
2   RID.240 31  00110111 15 1000000000 
2   RID.241 26  0101101111 11 101000 
2   RID.242 26  1111110100 20 000000 
2   RID.243 10  000 25 011 
2   RID.244 25  01 14 1000010 
2   RID.245 19  0000000 24 001 
2   RID.246 26  0000000110 19 0010000 
2   RID.247 11  100 25 0111 
2   RID.248 19  0100000 26 0111111 
2   RID.249 24  001 14 1100000100 
2   RID.250 32  0110111 15 1100000000 
2   RID.251 14  000000 28 00000110111 
2   RID.252 26  1111111 2 100100001 
2   RID.253 12  001011 25 111 
2   RID.254 1  100100100 24 011 
2   RID.255 20  000000 49 01001000 
2   RID.256 14  0000010000 26 0001010000 
2   RID.257 18  00001000 26 0011 
1   RID.258 6  010000 
2   RID.259 20  000010 25 011 
2   RID.260 26  1111 18 10000000 
2   RID.261 13  00010 20 000000 
2   RID.262 21  00010 20 000010 
