252
27
1   RID.0 27  1 
1   RID.1 15 011011 
2   RID.2 14  1 4 1000000 
2   RID.3 24  010 27 0 
1   RID.4 27 0 
1   RID.5 27 0 
2   RID.6 4  00 7 000000 
1   RID.7 27  1 
2   RID.8 4  0000000 13 0 
2   RID.9 27  0 27 0 
1   RID.10 27 0 
2   RID.11 27  1 27 0 
2   RID.12 15  000100 7 000000 
2   RID.13 4  000000110 15 001001 
1   RID.14 10 100 
2   RID.15 27  1 26 0 
1   RID.16 27 0 
1   RID.17 21  1000 
2   RID.18 4  0011010 8 01001 
2   RID.19 27  0 27 1 
1   RID.20 27 1 
2   RID.21 4  10101 7 100000 
2   RID.22 2  00 4 0111 
2   RID.23 5  11101111 4 1010111 
2   RID.24 3  1 4 1000 
1   RID.25 25  10 
1   RID.26 25 00 
2   RID.27 19  11 6 1010100 
1   RID.28 27  0 
1   RID.29 27 0 
2   RID.30 9  0000 2 0 
2   RID.31 4  00 4 0000 
2   RID.32 27  0 27 0 
1   RID.33 27  0 
1   RID.34 27 0 
2   RID.35 27  0 27 0 
2   RID.36 13  01 4 100000000 
2   RID.37 27  1 27 0 
2   RID.38 21  0110 27 0 
1   RID.39 27  0 
1   RID.40 26 0 
2   RID.41 4  0000000 11 000 
1   RID.42 23 0001 
2   RID.43 4  0000000 2 0 
2   RID.44 27  0 26 0 
1   RID.45 27  1 
2   RID.46 27  0 24 001 
1   RID.47 27  0 
2   RID.48 2  00 4 0111 
2   RID.49 4  1111101 5 10110101 
2   RID.50 4  0011010 4 001101001 
2   RID.51 4  1010111 4 1010111 
1   RID.52 25 10 
2   RID.53 6  0000000 14 0 
1   RID.54 27 0 
2   RID.55 4  00 13 0 
1   RID.56 26  1 
2   RID.57 21  0110 27 0 
2   RID.58 4  101011010 4 011000000 
1   RID.59 27 0 
1   RID.60 27  0 
1   RID.61 27  1 
1   RID.62 27  0 
2   RID.63 13  1 4 0000001 
2   RID.64 27  0 27 1 
2   RID.65 4  00 4 0000001 
1   RID.66 11 101 
2   RID.67 21  01 9 1100 
1   RID.68 27  0 
1   RID.69 27 0 
1   RID.70 27  1 
1   RID.71 24 001 
1   RID.72 6  1101001 
2   RID.73 27  0 24 101 
2   RID.74 4  0000000 12 00 
2   RID.75 5  01101001 4 11110 
1   RID.76 25  01 
2   RID.77 21  01 9 1100 
1   RID.78 27  0 
1   RID.79 27 0 
1   RID.80 27 0 
2   RID.81 13  00 5 00010100 
2   RID.82 4  00000000 4 0000000 
1   RID.83 27 0 
1   RID.84 27 0 
1   RID.85 4  00 
2   RID.86 9  0000 11 000 
1   RID.87 27 0 
2   RID.88 4  0000000 6 0000000 
2   RID.89 4  0000 11 011 
1   RID.90 27  0 
2   RID.91 4  1010111 5 11110111 
1   RID.92 27 1 
1   RID.93 27 1 
1   RID.94 27  0 
1   RID.95 6 1000000 
1   RID.96 27  0 
1   RID.97 27  1 
2   RID.98 11  000 5 00000000 
2   RID.99 27  0 27 0 
1   RID.100 27  0 
2   RID.101 6  0000000 4 0000000 
1   RID.102 27 0 
1   RID.103 27  0 
2   RID.104 9  0100 21 01 
2   RID.105 4  0000001 2 10 
1   RID.106 27  1 
1   RID.107 27  0 
2   RID.108 11  000 4 000000000 
2   RID.109 7  000000 4 0110000 
2   RID.110 5  00010100 7 010100 
2   RID.111 7  000000 13 0 
1   RID.112 27  1 
1   RID.113 27  1 
1   RID.114 25 00 
1   RID.115 25  01 
2   RID.116 1  11 8 10100 
2   RID.117 1  11 4 100 
1   RID.118 27 0 
2   RID.119 7  001001 4 1010111 
1   RID.120 27 1 
2   RID.121 27  0 23 1010 
2   RID.122 27  0 27 0 
2   RID.123 27  0 26 0 
2   RID.124 6  0000110 4 0000001 
1   RID.125 27 1 
2   RID.126 27  1 27 1 
2   RID.127 4  00000000 4 0000000 
2   RID.128 27  1 27 0 
1   RID.129 27  0 
2   RID.130 27  0 27 0 
2   RID.131 13  0 4 00 
1   RID.132 11  00 
2   RID.133 14  111 6 1000000 
1   RID.134 27  0 
2   RID.135 1  1 4 0000000 
1   RID.136 27 0 
1   RID.137 27  1 
1   RID.138 27 0 
1   RID.139 27  1 
2   RID.140 11  001 3 1 
1   RID.141 27 1 
2   RID.142 7  000000 4 00000000 
2   RID.143 4  00001 11 100 
1   RID.144 27 0 
1   RID.145 27 0 
2   RID.146 4  0000001 6 1000110 
1   RID.147 15 000100 
1   RID.148 23 0010 
1   RID.149 27  0 
1   RID.150 27 0 
1   RID.151 27  0 
2   RID.152 4  0000000 3 0 
1   RID.153 27  0 
1   RID.154 27 0 
1   RID.155 27 0 
2   RID.156 6  0000000 4 0000000 
1   RID.157 27 0 
2   RID.158 7  001001 4 1010111 
2   RID.159 27  0 27 1 
2   RID.160 27  0 24 101 
1   RID.161 6 1000000 
2   RID.162 1  11 8 10100 
2   RID.163 4  1010111 4 1101001 
1   RID.164 25 10 
1   RID.165 27 0 
2   RID.166 4  0000001 4 1000001 
1   RID.167 4  0000000 
2   RID.168 4  000000000 11 00 
2   RID.169 4  1110110 4 0011001 
1   RID.170 27  0 
1   RID.171 27  0 
2   RID.172 27  1 27 1 
2   RID.173 4  0110000 6 0000000 
1   RID.174 27 0 
1   RID.175 21  100 
2   RID.176 3  0 4 0000001 
1   RID.177 27 1 
2   RID.178 1  10 4 0000001 
2   RID.179 27  0 25 10 
2   RID.180 4  0000000 4 0101111 
1   RID.181 27  0 
2   RID.182 4  0000000 2 0 
1   RID.183 27  0 
2   RID.184 4  011000000 3 0 
2   RID.185 4  00110100 6 0101001 
2   RID.186 27  0 24 110 
1   RID.187 4  0000000 
2   RID.188 7  000000 3 0 
1   RID.189 27  0 
1   RID.190 21 0110 
1   RID.191 27  1 
1   RID.192 27  0 
2   RID.193 6  1001001 4 10101 
2   RID.194 3  1 4 100010100 
2   RID.195 4  0000101 4 1000101 
1   RID.196 27 1 
2   RID.197 2  00 5 00000000 
2   RID.198 3  0 4 0000000 
2   RID.199 27  1 25 01 
2   RID.200 4  000 9 0010 
1   RID.201 27 0 
1   RID.202 27  0 
1   RID.203 22  0001 
1   RID.204 27 1 
1   RID.205 4 100000 
1   RID.206 27  0 
1   RID.207 27  0 
2   RID.208 27  0 27 0 
1   RID.209 27 0 
2   RID.210 8  00000 4 00 
1   RID.211 27 0 
1   RID.212 27  1 
2   RID.213 14  1 7 000000 
2   RID.214 13  0 4 00001010 
1   RID.215 21 0110 
1   RID.216 22 011 
2   RID.217 6  0000110 13 0 
2   RID.218 4  1101011 4 1011110 
1   RID.219 27 0 
1   RID.220 21 000 
1   RID.221 27 0 
1   RID.222 27  0 
1   RID.223 27 0 
2   RID.224 27  0 27 0 
1   RID.225 4 011000000 
1   RID.226 27 0 
2   RID.227 27  0 27 0 
1   RID.228 4  0011010 
1   RID.229 8  00000 
2   RID.230 27  0 27 0 
2   RID.231 4  001101001 4 10101 
1   RID.232 27 1 
2   RID.233 4  000000000 13 01 
2   RID.234 4  000000000 13 0 
1   RID.235 24 001 
1   RID.236 24  010 
2   RID.237 14  1 4 000000000 
1   RID.238 21 0110 
1   RID.239 11 001 
1   RID.240 26 1 
1   RID.241 14 1 
2   RID.242 27  0 27 1 
2   RID.243 4  10 8 01001 
2   RID.244 24  101 27 1 
2   RID.245 25  10 27 0 
1   RID.246 7  010100 
1   RID.247 27  0 
1   RID.248 27  0 
1   RID.249 27  1 
2   RID.250 4  1111101 5 10110101 
1   RID.251 21  1000 
