Number of Haplotypes 20
2   RID.0 13  1000 3 0010 
2   RID.1 12  0 17 0 
1   RID.2 3  101 
2   RID.3 11  00 13 0101 
2   RID.4 13  1 13 1000 
2   RID.5 12  0 17 0 
2   RID.6 13  01 13 1100 
2   RID.7 13  010 5 0000 
2   RID.8 19  11 13 1 
2   RID.9 5  10100 13 000 
1   RID.10 13 0000 
2   RID.11 5  0010 13 010 
2   RID.12 12  0 14 000 
2   RID.13 16  00 11 00 
2   RID.14 3  1010 13 0000 
2   RID.15 19  11 13 1 
2   RID.16 9  0110 16 00 
2   RID.17 13  010 18 01 
2   RID.18 3  1000 13 0110 
2   RID.19 9  0001 16 11 
2   RID.20 17  1 13 11 
2   RID.21 13  0110 6 0010 
2   RID.22 7  100001 13 1100 
2   RID.23 17  01 11 10 
2   RID.24 19  11 13 110 
2   RID.25 3  000 13 0100 
2   RID.26 13  100 12 0 
2   RID.27 15  010 13 0 
2   RID.28 13  010 4 000 
2   RID.29 8  00010 16 00 
2   RID.30 13  0101 13 1101 
2   RID.31 5  01100 13 0100 
2   RID.32 12  0 18 00 
2   RID.33 19  11 12 1 
2   RID.34 12  0 13 1000 
2   RID.35 13  010 7 001000 
2   RID.36 13  0101 7 11111 
1   RID.37 3  0001 
2   RID.38 16  01 13 1 
2   RID.39 13  010 3 01 
2   RID.40 17  00 11 00 
2   RID.41 13  0100 13 0 
2   RID.42 13  0100 13 01 
2   RID.43 6  1100 13 0100 
2   RID.44 10  101 18 10 
2   RID.45 12  0 13 000 
2   RID.46 4  0101 13 100 
2   RID.47 13  01 17 10 
1   RID.48 13 000 
2   RID.49 12  0 13 0000 
2   RID.50 9  0010 13 0100 
2   RID.51 17  11 10 101 
2   RID.52 3  0000 17 01 
2   RID.53 10  001 18 11 
2   RID.54 13  010 10 001 
2   RID.55 17  11 10 101 
2   RID.56 12  0 13 100 
2   RID.57 13  10 3 001 
2   RID.58 17  1 6 1010 
2   RID.59 13  01 13 1101 
2   RID.60 7  11111 13 1101 
2   RID.61 18  011 13 1 
2   RID.62 12  0 13 1100 
2   RID.63 8  00110 18 00 
2   RID.64 7  11111 13 1101 
2   RID.65 1  100 13 0101 
2   RID.66 9  0110 16 00 
2   RID.67 18  11 13 11 
2   RID.68 9  0110 19 01 
2   RID.69 13  0100 4 001 
2   RID.70 17  0 3 10 
2   RID.71 16  10 11 00 
2   RID.72 16  01 10 101 
2   RID.73 13  010 3 01 
2   RID.74 11  01 13 1100 
2   RID.75 13  0101 10 100 
2   RID.76 13  0100 5 0010 
2   RID.77 11  00 13 0110 
2   RID.78 6  0100 13 010 
2   RID.79 17  0 12 0 
2   RID.80 13  0100 9 0001 
2   RID.81 9  0110 16 00 
1   RID.82 17  01 
