62
21
2   RID.0 14  00 18 01 
2   RID.1 2  01 14 10 
2   RID.2 6  0100 15 00 
2   RID.3 20  0 12 010 
2   RID.4 7  10000 12 000 
2   RID.5 15  0 2 011 
2   RID.6 13  111 16 10 
2   RID.7 13  111 15 11 
2   RID.8 19  1 12 111 
2   RID.9 15  00 8 010111 
2   RID.10 14  00 6 0000 
2   RID.11 10  10111 14 11 
2   RID.12 6  001001 14 11 
2   RID.13 8  010111 14 10 
2   RID.14 10  10111 15 11 
2   RID.15 4  1000 10 00111 
2   RID.16 17  00 13 011 
2   RID.17 12  000 16 00 
2   RID.18 17  00 10 01110 
2   RID.19 10  00111 13 111 
2   RID.20 6  000000 19 0 
2   RID.21 15  00 12 010 
2   RID.22 21  0 6 000000 
2   RID.23 15  01 8 100011 
2   RID.24 9  00111 17 10 
2   RID.25 15  00 8 010111 
2   RID.26 16  10 8 00001 
2   RID.27 18  01 14 11 
2   RID.28 14  00 12 000 
2   RID.29 10  00111 17 10 
2   RID.30 12  111 17 101 
2   RID.31 12  111 8 101111 
2   RID.32 19  1 6 100000 
2   RID.33 20  0 14 00 
2   RID.34 15  0 14 01 
2   RID.35 15  0 6 100000 
2   RID.36 15  0 18 00 
2   RID.37 16  0 12 000 
2   RID.38 4  00100 12 010 
2   RID.39 6  010000 12 000 
2   RID.40 15  0 4 0101 
2   RID.41 20  11 13 111 
2   RID.42 15  0 17 10 
2   RID.43 20  11 13 111 
2   RID.44 18  01 14 11 
2   RID.45 15  00 8 010111 
2   RID.46 11  0111 14 11 
2   RID.47 3  001 15 1 
2   RID.48 2  01 12 111 
2   RID.49 10  00111 13 111 
2   RID.50 12  000 6 010000 
2   RID.51 13  000 2 01 
2   RID.52 16  10 12 011 
2   RID.53 15  0 12 111 
2   RID.54 10  01110 12 010 
2   RID.55 14  11 15 11 
2   RID.56 15  00 6 0100 
2   RID.57 10  00000 12 000 
2   RID.58 16  10 8 00001 
2   RID.59 15  0 10 10000 
2   RID.60 10  00000 1 11 
2   RID.61 13  100 19 0 
