Number of Haplotypes 24
2   RID.0 23  10 15 01111 
2   RID.1 15  01000 20 0 
2   RID.2 15  01000 15 01000 
2   RID.3 12  00001 17 100 
2   RID.4 1  100 20 000 
2   RID.5 17  000 20 00000 
2   RID.6 1  111 21 1100 
2   RID.7 20  00 16 0000 
2   RID.8 16  1010 20 00 
2   RID.9 22  000 14 001 
2   RID.10 12  0000 19 0 
2   RID.11 20  1 12 0000 
2   RID.12 20  00 14 0010 
2   RID.13 17  000 15 01000 
1   RID.14 12  0000 
2   RID.15 21  0000 16 0000 
2   RID.16 3  0010110 16 0000 
2   RID.17 23  00 15 01000 
2   RID.18 14  00100 22 000 
2   RID.19 20  00000 15 01000 
2   RID.20 20  11 8 1000000 
2   RID.21 20  00000 17 000 
2   RID.22 15  01000 23 00 
2   RID.23 3  00101 16 1000 
2   RID.24 20  11 6 11100001 
2   RID.25 10  00000 18 00 
2   RID.26 20  0000 12 000 
2   RID.27 16  1000 18 00 
2   RID.28 15  01000 20 01 
2   RID.29 1  0000 16 0111 
2   RID.30 17  000 15 01000 
2   RID.31 1  100 20 01 
2   RID.32 15  01000 6 0110000 
2   RID.33 22  000 3 001 
2   RID.34 15  01000 20 00000 
2   RID.35 12  00001 15 11000 
2   RID.36 17  000 8 0000000 
2   RID.37 12  0000 20 01 
1   RID.38 6  10011011 
2   RID.39 22  000 15 01000 
2   RID.40 17  000 20 00000 
2   RID.41 4  0101100 17 000 
2   RID.42 21  0000 1 100 
2   RID.43 20  11 10 10000 
1   RID.44 12 00001 
2   RID.45 20  11111 10 11111 
2   RID.46 4  01111101 15 11100 
2   RID.47 18  00 16 0000 
2   RID.48 23  10 15 01111 
2   RID.49 20  0000 15 01000 
2   RID.50 12  1100 1 111 
2   RID.51 12  000 15 01000 
2   RID.52 22  000 14 001 
2   RID.53 10  00000 16 0000 
2   RID.54 3  0010110 20 01 
2   RID.55 12  1100 23 01 
1   RID.56 17 100 
2   RID.57 17  000 19 0 
2   RID.58 15  01000 20 000 
