Number of Haplotypes 29
2   RID.0 27  100 27 000 
1   RID.1 22 0 
2   RID.2 1  1 9 00 
1   RID.3 11 000 
1   RID.4 27  100 
1   RID.5 27  000 
1   RID.6 17 001 
2   RID.7 13  00010 11 0 
1   RID.8 6  00000 
1   RID.9 27 000 
1   RID.10 27 000 
1   RID.11 27 010 
1   RID.12 27  001 
2   RID.13 17  010 5 0000 
2   RID.14 28  01 27 101 
2   RID.15 10  0 4 1010 
1   RID.16 25  11 
2   RID.17 22  00 3 00101 
1   RID.18 27  0 
2   RID.19 11  0 3 10 
1   RID.20 27  010 
1   RID.21 23  00 
2   RID.22 13  0001 11 1 
1   RID.23 26 1 
2   RID.24 27  010 22 000 
1   RID.25 26 0 
2   RID.26 24  00 27 000 
2   RID.27 23  00 27 010 
2   RID.28 1  0 9 00 
1   RID.29 27 001 
1   RID.30 26 1 
2   RID.31 14  00100 9 01 
2   RID.32 3  10 11 0 
2   RID.33 13  00010 10 0 
2   RID.34 27  001 27 101 
2   RID.35 5  0000 11 0 
1   RID.36 27 001 
1   RID.37 28  10 
1   RID.38 28 00 
1   RID.39 19 00 
1   RID.40 27 010 
2   RID.41 25  11 27 110 
2   RID.42 11  0 11 0000 
1   RID.43 27  010 
2   RID.44 26  1 27 000 
1   RID.45 25 0 
1   RID.46 11  1 
1   RID.47 28  10 
2   RID.48 4  0010 22 0 
1   RID.49 25  00 
2   RID.50 4  0010 22 0 
2   RID.51 11  0 10 0 
2   RID.52 27  000 27 000 
1   RID.53 27  100 
2   RID.54 27  000 25 0 
2   RID.55 8  011 5 1010 
1   RID.56 25 00 
2   RID.57 17  100 11 0 
2   RID.58 27  010 25 01 
2   RID.59 10  1 6 11011 
1   RID.60 27 100 
2   RID.61 23  00 27 000 
2   RID.62 27  001 25 10 
2   RID.63 11  10 9 01 
2   RID.64 27  011 27 110 
1   RID.65 27 001 
2   RID.66 8  111 5 1010 
2   RID.67 11  0 10 0 
2   RID.68 6  01011 12 10001 
2   RID.69 27  100 22 000 
1   RID.70 26  0 
2   RID.71 5  101 11 1 
2   RID.72 11  0 3 10 
2   RID.73 10  0 5 00000 
2   RID.74 27  001 25 10 
1   RID.75 27 000 
2   RID.76 27  010 26 0 
2   RID.77 11  0 12 0001 
1   RID.78 27  010 
2   RID.79 25  00 27 001 
2   RID.80 27  100 21 0 
1   RID.81 27 001 
2   RID.82 11  0 17 1011 
2   RID.83 27  100 26 0 
1   RID.84 27 010 
1   RID.85 25 00 
1   RID.86 22  000 
1   RID.87 27  001 
1   RID.88 25  00 
2   RID.89 25  01 27 100 
1   RID.90 27 000 
2   RID.91 6  01011 11 100 
1   RID.92 27 010 
2   RID.93 6  00000 8 000 
1   RID.94 12  00000 
1   RID.95 26 0 
2   RID.96 27  100 26 0 
1   RID.97 27  000 
2   RID.98 27  100 27 000 
2   RID.99 14  10000 9 00 
1   RID.100 27  000 
1   RID.101 27 000 
1   RID.102 25  01 
2   RID.103 11  0 2 100 
2   RID.104 27  010 25 0 
2   RID.105 5  101011 9 11 
2   RID.106 26  0 27 100 
2   RID.107 27  101 27 100 
1   RID.108 11  100 
2   RID.109 27  010 23 00 
1   RID.110 27  010 
1   RID.111 5  0101 
2   RID.112 27  001 27 101 
2   RID.113 5  0101 9 10 
2   RID.114 5  00000 11 0 
1   RID.115 11  10 
1   RID.116 25 0 
1   RID.117 28 00 
1   RID.118 27 0 
2   RID.119 25  01 28 10 
1   RID.120 27  010 
2   RID.121 8  000 18 000 
2   RID.122 11  1 3 0010 
2   RID.123 27  001 27 101 
1   RID.124 27 100 
2   RID.125 22  0 27 000 
2   RID.126 19  00 10 0 
2   RID.127 9  11 5 101011 
2   RID.128 9  00 3 01 
2   RID.129 17  001 1 11 
2   RID.130 8  000 14 01001 
1   RID.131 28  01 
1   RID.132 21  10 
2   RID.133 25  00 27 001 
2   RID.134 10  1 17 100 
1   RID.135 17  0000 
2   RID.136 27  001 25 10 
2   RID.137 8  000 2 00 
2   RID.138 27  100 25 00 
2   RID.139 11  000 5 000000 
2   RID.140 5  1010 6 01011 
1   RID.141 24  00 
2   RID.142 8  011 12 1000 
1   RID.143 3  10101 
1   RID.144 25  0 
2   RID.145 11  1 13 1001 
2   RID.146 8  000 4 0000 
2   RID.147 27  001 22 111 
1   RID.148 11 10 
2   RID.149 3  00 9 00 
2   RID.150 22  11 27 100 
2   RID.151 9  00 19 000 
1   RID.152 28 00 
2   RID.153 27  010 27 010 
1   RID.154 27 001 
1   RID.155 25 11 
2   RID.156 27  001 21 1 
2   RID.157 27  001 25 10 
1   RID.158 9 00 
2   RID.159 27  001 26 1 
2   RID.160 6  01011 10 1 
2   RID.161 27  100 25 00 
1   RID.162 25 01 
1   RID.163 26  1 
2   RID.164 9  11 5 101011 
2   RID.165 17  1000 10 0 
2   RID.166 27  100 26 0 
1   RID.167 22 00 
1   RID.168 27  1 
2   RID.169 9  00 3 01 
2   RID.170 8  000 5 0000 
2   RID.171 27  001 26 1 
2   RID.172 10  1 21 1 
2   RID.173 11  0 5 100000 
2   RID.174 11  01 11 1 
2   RID.175 13  0010 3 01 
2   RID.176 27  010 27 010 
1   RID.177 28  10 
2   RID.178 22  0 27 000 
2   RID.179 27  001 24 10 
2   RID.180 8  100 9 00 
2   RID.181 11  0 11 000 
2   RID.182 12  00010 8 000 
1   RID.183 11 0 
2   RID.184 27  100 27 000 
2   RID.185 6  01011 11 100 
1   RID.186 27  010 
2   RID.187 5  10101 11 1 
2   RID.188 9  11 5 101011 
1   RID.189 23  00 
1   RID.190 27 010 
2   RID.191 10  0 10 0 
2   RID.192 5  010100 13 01000 
1   RID.193 27 000 
1   RID.194 26 0 
1   RID.195 25 00 
1   RID.196 22  111 
1   RID.197 25 10 
2   RID.198 3  10 8 011 
2   RID.199 8  000 14 0001 
2   RID.200 27  000 24 00 
2   RID.201 12  0000 3 00 
2   RID.202 27  010 25 01 
2   RID.203 27  001 26 1 
2   RID.204 25  00 28 00 
2   RID.205 27  100 27 000 
1   RID.206 26  1 
2   RID.207 27  100 24 00 
2   RID.208 25  00 27 0 
2   RID.209 27  100 26 0 
2   RID.210 9  00 12 01100 
1   RID.211 27 001 
1   RID.212 27  000 
2   RID.213 26  0 27 001 
1   RID.214 27  000 
2   RID.215 4  0010 22 0 
1   RID.216 11  0 
1   RID.217 27  100 
2   RID.218 8  001 11 10 
1   RID.219 5  0000 
1   RID.220 27 000 
2   RID.221 27  100 26 0 
1   RID.222 28  00 
1   RID.223 27 001 
2   RID.224 11  1 12 10001 
2   RID.225 25  00 28 00 
2   RID.226 27  000 22 0 
2   RID.227 27  001 25 10 
1   RID.228 28  00 
1   RID.229 27  100 
2   RID.230 27  000 25 01 
2   RID.231 9  00 3 01 
1   RID.232 23  11 
2   RID.233 10  0 11 100 
2   RID.234 5  0101 11 1 
