203
42
2   RID.0 30  0000 18 001000 
2   RID.1 25  101 31 1111011 
2   RID.2 8  1 6 11 
1   RID.3 9  011 
2   RID.4 2  0001 8 1 
2   RID.5 6  11 9 10 
2   RID.6 17  0001 26 1100 
2   RID.7 26  001 31 1000000 
2   RID.8 26  010 23 0110 
2   RID.9 8  1 9 0110 
2   RID.10 28  10 33 000000 
1   RID.11 6  11 
2   RID.12 9  10 6 01 
2   RID.13 27  101 23 1110 
2   RID.14 18  111111 27 100 
2   RID.15 41  00 28 00 
2   RID.16 33  1101101 17 1111 
2   RID.17 8  0 4 10 
2   RID.18 33  001001 23 1011 
2   RID.19 31  000000 28 00 
2   RID.20 23  1110 33 010110 
2   RID.21 33  001001 26 1100 
2   RID.22 24  001 30 100 
1   RID.23 1 101 
2   RID.24 23  1110 28 001 
2   RID.25 28  100 27 010 
2   RID.26 23  1110 28 0111 
2   RID.27 39  1100 28 001 
2   RID.28 20  1111 26 110 
2   RID.29 17  000 24 0011 
2   RID.30 18  001000 25 011 
2   RID.31 8  10 5 0 
1   RID.32 10 0010 
2   RID.33 5  01 6 11 
2   RID.34 7  1 8 1 
2   RID.35 17  0 27 100 
2   RID.36 8  1 7 0 
2   RID.37 7  1 8 00 
2   RID.38 27  010 30 000 
2   RID.39 25  000 21 00000 
2   RID.40 28  001 23 1110 
2   RID.41 32  111011 24 1101 
2   RID.42 27  101 28 1111 
2   RID.43 6  11 6 11 
2   RID.44 8  10 5 00 
2   RID.45 26  0010 19 00000 
2   RID.46 7  1 9 011 
2   RID.47 30  000 24 0011 
2   RID.48 41  11 26 110 
2   RID.49 14  01 27 110 
2   RID.50 6  01 8 1 
2   RID.51 24  0110 22 0111 
1   RID.52 9  011 
2   RID.53 28  001 33 110110 
2   RID.54 17  000 30 00000 
2   RID.55 20  11111 28 11 
2   RID.56 6  11 6 11 
2   RID.57 21  00010 37 0000 
2   RID.58 20  1010 27 001 
2   RID.59 26  0010 20 0000 
2   RID.60 30  000 24 0000 
2   RID.61 7  0 1 1 
2   RID.62 30  111 23 1110 
2   RID.63 8  1 8 00 
2   RID.64 30  111 17 11 
2   RID.65 17  1 27 100 
2   RID.66 28  011 39 110 
1   RID.67 4 01 
2   RID.68 6  01 8 10 
2   RID.69 27  100 24 001 
2   RID.70 8  1 2 1001 
2   RID.71 24  0000 28 000 
2   RID.72 30  1111101 24 1101 
2   RID.73 10  0001 6 11 
2   RID.74 6  11 9 10001 
2   RID.75 33  110110 18 011111 
2   RID.76 8  0 2 1100 
2   RID.77 26  0100 18 011111 
1   RID.78 8  000 
2   RID.79 21  00000 26 0100 
2   RID.80 20  0000 26 0010 
2   RID.81 6  01 9 11 
2   RID.82 3  001 9 111 
2   RID.83 26  0101 23 1110 
2   RID.84 6  01 8 10 
1   RID.85 6  11 
2   RID.86 30  0000 27 000 
2   RID.87 8  1 1 0 
1   RID.88 30  0000 
2   RID.89 24  0011 30 1000 
2   RID.90 28  00 33 010110 
2   RID.91 8  01 1 0 
2   RID.92 17  1111 26 110 
2   RID.93 27  101 30 111110 
2   RID.94 33  110110 26 0100 
2   RID.95 2  0010 8 01 
2   RID.96 8  10 6 01 
2   RID.97 23  0000 30 000 
1   RID.98 3  010 
2   RID.99 25  101 30 111 
2   RID.100 27  100 30 01111 
2   RID.101 9  01 6 11 
2   RID.102 27  100 17 000 
2   RID.103 33  001001 28 10 
2   RID.104 21  00000 27 010 
2   RID.105 17  111111 27 100 
2   RID.106 27  010 18 00000 
2   RID.107 5  0 6 01 
2   RID.108 25  101 21 11111 
2   RID.109 33  110110 26 0100 
2   RID.110 26  0010 20 0000 
2   RID.111 28  00 27 000 
2   RID.112 26  1100 17 0001 
2   RID.113 7  1 6 11 
2   RID.114 25  1010 25 0101 
2   RID.115 6  01 10 1100 
2   RID.116 18  111111 33 110110 
2   RID.117 23  0000 27 010 
2   RID.118 14  101 8 1 
2   RID.119 27  100 33 001001 
2   RID.120 38  000 26 001 
2   RID.121 6  11 8 10 
2   RID.122 28  000 22 0000 
2   RID.123 28  10 20 0000 
2   RID.124 26  0010 27 010 
2   RID.125 28  00 21 01111 
2   RID.126 27  100 27 000 
2   RID.127 23  0000 38 000 
2   RID.128 20  1111 27 101 
2   RID.129 28  100 26 001 
2   RID.130 27  101 30 1111101 
2   RID.131 19  00000 26 0010 
2   RID.132 33  001001 27 100 
2   RID.133 7  1 8 00 
2   RID.134 28  001 24 1111 
2   RID.135 27  010 18 00000 
2   RID.136 28  10 23 0000 
2   RID.137 18  111111 26 1101 
2   RID.138 9  10001 6 11 
2   RID.139 8  1 5 10 
2   RID.140 3  010 6 01 
2   RID.141 33  110110 26 0100 
2   RID.142 24  1101 33 1101101 
2   RID.143 26  1100 26 010 
2   RID.144 6  11 8 10 
2   RID.145 18  111111 28 10 
2   RID.146 30  000 17 000 
2   RID.147 23  1110 26 0101 
2   RID.148 6  11 8 11 
2   RID.149 26  0100 17 011 
2   RID.150 27  100 24 001 
2   RID.151 8  01 6 11 
2   RID.152 25  101 27 101 
2   RID.153 6  11 6 11 
2   RID.154 30  000 26 0010 
2   RID.155 26  0100 17 011 
2   RID.156 6  11 7 1 
2   RID.157 6  11 9 100 
2   RID.158 33  1101101 17 1111 
2   RID.159 9  011 5 10 
2   RID.160 5  01 8 1 
2   RID.161 26  0101 24 1001 
2   RID.162 17  0 28 10 
2   RID.163 28  00 18 011111 
2   RID.164 5  01 7 1 
2   RID.165 8  00 7 0 
2   RID.166 29  1111 17 1 
1   RID.167 10 1010 
2   RID.168 24  1101 30 111110 
2   RID.169 28  00 39 01 
2   RID.170 27  101 24 110 
2   RID.171 24  0000 17 00000 
2   RID.172 25  000 38 000 
2   RID.173 25  011 31 100010 
2   RID.174 17  00000 24 0000 
2   RID.175 23  0001 26 1100 
2   RID.176 20  10000 30 000 
2   RID.177 4  10 6 01 
2   RID.178 30  0000 28 000 
2   RID.179 27  100 38 011 
2   RID.180 27  100 30 0000 
2   RID.181 32  111011 24 1101 
2   RID.182 23  0000 30 000 
2   RID.183 30  000 20 0000 
2   RID.184 7  1 8 00 
1   RID.185 8 01 
2   RID.186 17  11 33 110110 
2   RID.187 26  0101 30 111 
1   RID.188 27 100 
1   RID.189 9 0111 
2   RID.190 8  000 8 0 
2   RID.191 27  101 24 110 
2   RID.192 6  01 8 10 
2   RID.193 6  01 7 1 
2   RID.194 1  0 6 11 
2   RID.195 33  110110 28 011 
1   RID.196 6  11 
1   RID.197 1  0 
2   RID.198 30  1111101 27 101 
1   RID.199 10 11001 
2   RID.200 36  11111 28 101 
2   RID.201 33  000000 25 0001 
2   RID.202 2  0010 7 0 
