Number of Haplotypes 25
2   RID.0 25  0 6 000 
2   RID.1 9  000 8 0000 
2   RID.2 7  00000 19 0000 
2   RID.3 7  1111 15 11110 
2   RID.4 3  111 7 111 
1   RID.5 7  0111 
2   RID.6 9  111 12 1111111 
2   RID.7 18  00000 7 0000 
2   RID.8 7  000 1 10 
2   RID.9 6  101 6 1011 
2   RID.10 7  011 10 11110 
2   RID.11 10  11110 3 011 
2   RID.12 9  111 7 111 
2   RID.13 11  0000 2 00 
1   RID.14 6  101 
2   RID.15 6  1011 15 111111 
2   RID.16 7  0000 4 000 
2   RID.17 7  0111 9 111 
2   RID.18 21  1111 9 111 
2   RID.19 3  111 9 110 
2   RID.20 9  111 9 111 
2   RID.21 6  1011 3 11 
2   RID.22 3  00 12 000000 
2   RID.23 9  111 11 1110 
2   RID.24 11  00000 10 00000 
2   RID.25 10  1111 1 01 
1   RID.26 7 1111 
2   RID.27 9  111 12 1111111 
2   RID.28 10  000 4 000 
2   RID.29 9  110 21 0111 
2   RID.30 7  1011 7 111 
2   RID.31 7  0000 13 0000000 
1   RID.32 7 0111 
2   RID.33 9  000 4 000 
2   RID.34 8  1110 7 0111 
2   RID.35 7  011 2 11 
2   RID.36 11  00000 9 000 
2   RID.37 4  11 19 111111 
2   RID.38 12  11111 3 111 
2   RID.39 11  00000 7 000 
2   RID.40 7  0000 1 11 
1   RID.41 7 111 
2   RID.42 10  1111 4 11 
2   RID.43 11  00000 10 0000 
2   RID.44 3  00 10 0000 
2   RID.45 11  11101 7 1111 
2   RID.46 7  111 7 111 
2   RID.47 9  000 12 0000000 
2   RID.48 9  111 11 11111 
2   RID.49 11  11101 7 1111 
2   RID.50 9  111 2 1 
2   RID.51 7  0111 25 1 
2   RID.52 20  00000 8 0000 
1   RID.53 7  0111 
2   RID.54 9  111 5 10 
2   RID.55 7  011 11 1110 
2   RID.56 10  000 7 000 
2   RID.57 7  0111 6 1011 
2   RID.58 9  111 15 111111 
2   RID.59 2  11 9 111 
2   RID.60 2  11 11 11101 
2   RID.61 9  000 3 000 
2   RID.62 4  11 9 110 
2   RID.63 9  000 3 000 
2   RID.64 8  1111 6 101 
2   RID.65 7  00000 19 0000 
2   RID.66 9  111 9 111 
2   RID.67 7  1111 2 11 
2   RID.68 2  11 7 1111 
2   RID.69 10  111 7 1111 
2   RID.70 7  0000 19 0000 
2   RID.71 12  00000 3 00 
2   RID.72 12  000000 10 00000 
2   RID.73 10  111 7 1111 
2   RID.74 10  000 6 0000 
2   RID.75 10  00000 16 000000 
2   RID.76 3  11 7 1111 
2   RID.77 6  0011 1 11 
2   RID.78 9  111 25 1 
1   RID.79 4  110 
2   RID.80 7  00000 4 000 
2   RID.81 8  0000 20 00000 
2   RID.82 3  111 11 11101 
2   RID.83 7  0000 18 00000 
2   RID.84 3  11 11 11101 
2   RID.85 12  00000 9 000 
2   RID.86 9  111 5 10 
2   RID.87 6  1011 15 111111 
2   RID.88 4  11 10 111 
2   RID.89 7  0000 11 0000 
2   RID.90 3  00 13 0000000 
