Number of Haplotypes 34
2   RID.0 14  10001000000 1 00 
2   RID.1 29  00001 9 1111011 
2   RID.2 3  101110 9 01101000 
2   RID.3 29  010000 7 010 
2   RID.4 7  001 11 100100000000 
2   RID.5 11  0001000000010 9 01000100 
2   RID.6 3  0000 11 000100000000 
2   RID.7 7  0100 26 000010 
2   RID.8 10  1000110000 16 000010001 
2   RID.9 9  11000110 14 0100001000 
2   RID.10 25  010010 11 001000100000 
2   RID.11 3  000000 11 0001000000000 
2   RID.12 11  000110000100 10 00001100 
2   RID.13 9  11000110 20 00001000 
2   RID.14 10  1000001000 24 01111 
2   RID.15 26  0000100 3 000001 
2   RID.16 9  01000100 26 0111010 
2   RID.17 14  10000100000 6 000 
2   RID.18 10  1010100001 11 1101000010000 
2   RID.19 18  0100000000 3 000000 
2   RID.20 3  0000 11 000100000000 
2   RID.21 16  1000010011 8 111 
2   RID.22 18  0001001110 9 01000001 
2   RID.23 3  101110 17 000000111 
2   RID.24 1  11 9 11000001 
2   RID.25 18  0100000000 8 001 
2   RID.26 1  10 11 0000000000000 
2   RID.27 1  10 14 0110001000 
2   RID.28 3  000 14 00000100000 
2   RID.29 17  0000000000 14 00000000000 
2   RID.30 9  111101 11 100100010000 
2   RID.31 3  010000 14 0010000100 
2   RID.32 9  0011110 17 000010011 
2   RID.33 11  000100000001 9 11110 
2   RID.34 11  101000100 3 00 
2   RID.35 6  000 14 00000000101 
2   RID.36 3  000 16 001000000 
2   RID.37 9  010001000 9 000 
2   RID.38 9  111101 11 100001000 
2   RID.39 22  0000000 14 00000000000 
2   RID.40 9  010001000 9 000 
2   RID.41 9  0101110 12 001000000000 
2   RID.42 9  011010001 3 111111 
2   RID.43 3  000000 11 0001000000000 
2   RID.44 3  0000 10 00001100 
2   RID.45 9  1111011 11 100100010000 
2   RID.46 9  10011 25 1000000 
2   RID.47 6  001 11 1000000000000 
2   RID.48 14  0010000100 3 010000 
2   RID.49 25  000000 4 00000 
2   RID.50 12  001000000010 9 01110 
2   RID.51 11  0001000000000 9 01110 
2   RID.52 14  1000000010 6 000 
2   RID.53 25  0000101 8 111 
2   RID.54 23  011101 9 110001000 
2   RID.55 3  010 11 00000100001 
2   RID.56 29  000011 9 1101010 
2   RID.57 9  11110 24 01111 
2   RID.58 16  000000001 3 100000 
2   RID.59 2  0 10 0000000000 
2   RID.60 7  10 24 01111 
2   RID.61 25  0100100 10 0101000100 
2   RID.62 1  1 12 001000010000 
2   RID.63 9  11110 11 000001000 
2   RID.64 9  01010 12 001000010000 
2   RID.65 8  011 25 1000101 
2   RID.66 14  00100001001 9 1111011 
2   RID.67 11  101000100 3 00 
2   RID.68 3  101110 9 01101000 
2   RID.69 6  000 9 01010100 
2   RID.70 16  000100000 1 00 
2   RID.71 14  00100001001 9 11110 
2   RID.72 3  0000 25 000001 
2   RID.73 9  1111011 26 1000000 
2   RID.74 1  10 17 000000011 
2   RID.75 6  000 14 00000000101 
2   RID.76 9  01000100 26 0000000 
2   RID.77 17  100000111 9 11101000 
2   RID.78 18  0010001000 9 010001100 
2   RID.79 17  000010011 7 101 
2   RID.80 15  1000010001 11 1001100001 
2   RID.81 28  00000 9 011101 
2   RID.82 18  0000001110 7 0011 
2   RID.83 9  11110 28 000011 
2   RID.84 9  111101 16 1000001011 
2   RID.85 14  10001000000 1 00 
2   RID.86 10  1000100000 24 01101 
2   RID.87 11  111011111 16 100010001 
2   RID.88 25  000001 9 10000 
2   RID.89 28  00000 9 011101 
2   RID.90 6  000 12 001000000000 
2   RID.91 3  111 14 1010000100 
2   RID.92 9  111101 15 1000000101 
2   RID.93 9  00000000 32 000 
2   RID.94 8  011 9 111001000 
