128
20
2   RID.0 8  0 9 011 
2   RID.1 7  0 6 11 
1   RID.2 9  10 
1   RID.3 16 0 
2   RID.4 8  010 6 0 
1   RID.5 19 00 
1   RID.6 8 000 
1   RID.7 16 0 
2   RID.8 8  0 5 0 
1   RID.9 18 0 
2   RID.10 8  0 1 0000 
2   RID.11 17  01 16 1 
1   RID.12 8 100 
2   RID.13 17  11 16 11 
1   RID.14 17  01 
1   RID.15 9  101 
2   RID.16 7  0 6 1 
1   RID.17 16 1 
2   RID.18 7  1 6 11 
2   RID.19 16  01 16 1 
2   RID.20 19  11 16 1 
2   RID.21 17  01 16 1 
2   RID.22 16  10 16 0 
1   RID.23 8 0 
1   RID.24 11  010 
2   RID.25 1  11111 6 11 
1   RID.26 17 11 
2   RID.27 8  0 1 0000 
1   RID.28 8 001 
2   RID.29 8  0 7 1 
2   RID.30 8  0 6 1 
2   RID.31 7  1 6 11 
2   RID.32 8  0 8 101 
1   RID.33 9  10 
1   RID.34 9  101 
1   RID.35 16 10 
1   RID.36 17 01 
2   RID.37 6  01 12 11 
1   RID.38 16  10 
1   RID.39 17 01 
1   RID.40 8 101 
2   RID.41 9  011 6 11 
2   RID.42 6  01 11 11 
1   RID.43 8 100 
1   RID.44 6 01 
2   RID.45 17  01 16 1 
2   RID.46 8  0 8 110 
2   RID.47 16  1 15 0 
2   RID.48 16  0 16 00 
2   RID.49 6  11 8 101 
2   RID.50 16  01 16 1 
2   RID.51 6  11 9 111 
2   RID.52 6  11 8 1 
1   RID.53 19 1 
2   RID.54 17  01 16 10 
2   RID.55 8  001 6 1 
2   RID.56 8  1 6 11 
1   RID.57 7 1 
2   RID.58 16  0 17 11 
2   RID.59 16  10 15 0 
2   RID.60 16  1 17 01 
2   RID.61 6  01 7 1 
2   RID.62 8  0 1 0000 
2   RID.63 16  0 19 01 
1   RID.64 6  01 
1   RID.65 16  1 
2   RID.66 9  1011 7 1 
1   RID.67 6  01 
1   RID.68 16 1 
2   RID.69 15  0 17 1 
2   RID.70 8  0 7 1 
2   RID.71 16  1 16 1 
2   RID.72 16  1 16 1 
1   RID.73 18  1 
2   RID.74 9  001 6 11 
1   RID.75 7  1 
1   RID.76 8 100 
2   RID.77 8  001 6 11 
2   RID.78 7  1 6 11 
2   RID.79 13  0 8 1 
1   RID.80 11 101 
1   RID.81 19 1 
2   RID.82 17  1 16 1 
2   RID.83 7  1 6 11 
2   RID.84 15  0 16 10 
2   RID.85 7  1 9 0111 
2   RID.86 16  10 16 0 
2   RID.87 17  01 16 10 
1   RID.88 8  001 
2   RID.89 8  0 6 1 
2   RID.90 16  1 15 1 
2   RID.91 16  1 16 1 
2   RID.92 16  1 16 10 
1   RID.93 6 01 
2   RID.94 6  01 8 1 
2   RID.95 7  1 1 00101 
2   RID.96 16  0 16 1 
2   RID.97 17  01 16 1 
1   RID.98 19 1 
1   RID.99 6  11 
2   RID.100 18  1 16 11 
2   RID.101 17  01 16 1 
2   RID.102 16  1 16 10 
2   RID.103 17  11 16 11 
2   RID.104 8  0 6 11 
2   RID.105 16  1 16 10 
2   RID.106 11  11 6 11 
1   RID.107 17 11 
2   RID.108 15  0 16 1 
2   RID.109 3  101 8 1 
2   RID.110 17  0 16 1 
2   RID.111 17  01 16 1 
2   RID.112 16  1 14 1 
1   RID.113 16  1 
2   RID.114 16  1 15 1 
2   RID.115 18  1 15 1 
1   RID.116 7  1 
2   RID.117 13  1 6 1 
2   RID.118 7  0 9 111 
2   RID.119 16  1 16 1 
1   RID.120 8 1 
2   RID.121 6  01 9 101 
2   RID.122 16  11 15 1 
1   RID.123 8 1 
2   RID.124 1  11111 6 11 
1   RID.125 6  0 
1   RID.126 16  0 
2   RID.127 19  00 16 0 
