Number of Haplotypes 26
1   RID.0 7  0011 
1   RID.1 2  10 
2   RID.2 23  1101 7 10111 
2   RID.3 16  01010011111 3 111 
2   RID.4 9  11111 22 10001 
2   RID.5 7  00 25 00 
2   RID.6 8  01111 13 100100 
2   RID.7 9  00000 16 010110110 
2   RID.8 9  0110000 7 00 
1   RID.9 7 0101 
2   RID.10 16  10111011101 7 111 
2   RID.11 7  00 19 00010000 
2   RID.12 16  10101011000 9 0110100 
2   RID.13 7  00 19 00010000 
2   RID.14 16  10010000000 10 000001 
2   RID.15 19  00111011 7 1011 
2   RID.16 7  00111 19 10000110 
1   RID.17 6 0 
2   RID.18 22  00000 7 00111 
2   RID.19 19  00111011 7 1011 
2   RID.20 7  001 11 10000 
2   RID.21 16  10010000000 9 00000 
2   RID.22 19  00111011 7 1011 
2   RID.23 7  101111 16 110111010 
2   RID.24 4  110 16 00101011000 
1   RID.25 11  10000 
2   RID.26 16  10010000000 9 00000 
2   RID.27 9  1111 7 11 
2   RID.28 10  110010 19 00010000 
2   RID.29 7  011111 22 11000 
2   RID.30 7  001111 16 10000100001 
2   RID.31 9  1110100 14 00101010 
2   RID.32 16  11000010000 7 0011 
2   RID.33 9  0001001 19 10100001 
1   RID.34 7  1000 
2   RID.35 13  000100000 7 001111 
2   RID.36 10  000001 16 10000111011 
2   RID.37 11  10000 12 000010 
2   RID.38 10  110000 14 001000001 
2   RID.39 12  000011 7 10111 
2   RID.40 9  0110000 16 00000010000 
2   RID.41 7  0011 18 100000110 
2   RID.42 14  001100001 10 110000 
2   RID.43 7  11 2 11 
2   RID.44 13  010110000 7 0011 
2   RID.45 7  111 16 10111011101 
2   RID.46 7  00 23 0000 
2   RID.47 9  0001001 19 10100001 
2   RID.48 7  1111 18 101011000 
2   RID.49 16  10001011001 9 1000 
2   RID.50 19  00000110 9 0010 
2   RID.51 9  0000001 21 100000 
2   RID.52 16  10101011000 7 00 
2   RID.53 22  00000 7 00111 
2   RID.54 11  000011 9 10000 
2   RID.55 16  10000010000 7 001111 
2   RID.56 9  1110100 16 00101011000 
2   RID.57 9  0011 19 10010000 
2   RID.58 16  10000111011 7 101 
2   RID.59 18  000010000 9 01100 
2   RID.60 5  01 19 10010110 
2   RID.61 9  00000 11 000011 
2   RID.62 9  1111 7 11 
2   RID.63 13  000110000 7 001 
2   RID.64 12  000011 5 10 
2   RID.65 7  00 16 00010000000 
2   RID.66 11  1010010 19 01011000 
2   RID.67 12  000010 19 00010000 
2   RID.68 6  0 13 000100 
2   RID.69 10  000001 16 10000100000 
2   RID.70 9  01100 12 000010 
2   RID.71 16  10000100001 9 1111 
2   RID.72 7  001111 22 10000 
2   RID.73 16  10000010000 9 0110000 
2   RID.74 13  000110000 7 0011 
