Number of Haplotypes 20
2   RID.0 8  000000 13 00 
2   RID.1 9  00000 14 0 
2   RID.2 8  100010 8 00001 
2   RID.3 14  011 8 100000 
2   RID.4 15  111 11 1000 
2   RID.5 13  00 7 000000 
2   RID.6 15  111 9 10000 
2   RID.7 15  111 13 10 
2   RID.8 7  000000 14 0 
2   RID.9 18  01 7 1 
2   RID.10 7  001 14 111 
2   RID.11 7  000000 18 01 
2   RID.12 8  00000 9 00000 
2   RID.13 7  00 13 00 
2   RID.14 1  001 4 111 
2   RID.15 13  00 5 01 
2   RID.16 13  00 7 0100 
2   RID.17 14  011 7 100000 
2   RID.18 13  11 8 111101 
2   RID.19 9  00010 7 0 
2   RID.20 6  0 8 000010 
2   RID.21 7  11 8 100010 
2   RID.22 8  000000 18 01 
2   RID.23 14  111 8 111101 
2   RID.24 9  00000 8 000000 
2   RID.25 8  10001 11 1100 
2   RID.26 7  000 13 00 
2   RID.27 4  111 8 100000 
2   RID.28 9  00000 5 01 
2   RID.29 13  00 16 01 
2   RID.30 14  000 7 010 
2   RID.31 18  0 9 00000 
2   RID.32 17  1 8 000000 
2   RID.33 13  00 8 000010 
2   RID.34 8  100010 8 000010 
2   RID.35 7  11 14 100 
2   RID.36 9  00000 17 0 
2   RID.37 14  0 7 010001 
2   RID.38 14  0 8 100010 
2   RID.39 8  011101 17 1 
2   RID.40 7  0 13 10 
2   RID.41 20  0 13 01 
2   RID.42 13  00 7 000 
2   RID.43 12  011 11 1011 
2   RID.44 13  00 9 00000 
2   RID.45 3  00 8 000010 
1   RID.46 20  1 
2   RID.47 4  110 15 010 
2   RID.48 13  00 9 00000 
2   RID.49 11  0000 8 000000 
2   RID.50 10  00100 13 00 
2   RID.51 7  000000 17 0 
2   RID.52 8  011101 6 1 
2   RID.53 7  11 14 100 
2   RID.54 8  000000 6 0 
2   RID.55 13  11 8 111101 
2   RID.56 4  111 12 100 
2   RID.57 9  00000 4 011 
2   RID.58 13  00 13 00 
2   RID.59 15  110 4 010 
2   RID.60 14  000 10 00100 
2   RID.61 9  00000 17 0 
2   RID.62 17  1 8 000000 
2   RID.63 7  000000 10 00000 
2   RID.64 15  000 8 000010 
2   RID.65 9  00010 10 00100 
2   RID.66 8  011101 11 1011 
2   RID.67 7  110001 10 10100 
2   RID.68 7  0 14 0 
2   RID.69 8  100010 5 00 
2   RID.70 8  000000 3 011 
2   RID.71 15  111 7 1 
2   RID.72 17  1 13 10 
2   RID.73 8  000000 14 011 
2   RID.74 11  1011 8 111101 
2   RID.75 4  000 8 000010 
2   RID.76 7  0000 8 000000 
2   RID.77 7  1100 10 00100 
1   RID.78 6  0 
2   RID.79 7  1 8 000010 
2   RID.80 8  000000 13 00 
2   RID.81 8  000000 13 00 
2   RID.82 7  11 14 100 
2   RID.83 7  000000 13 00 
2   RID.84 3  11 14 1 
1   RID.85 15 110 
2   RID.86 7  000000 15 011 
2   RID.87 13  00 7 000000 
2   RID.88 7  00 9 00000 
2   RID.89 8  000000 3 01 
2   RID.90 17  1 9 10000 
2   RID.91 7  00000 8 000000 
2   RID.92 11  0000 8 000000 
2   RID.93 14  111 8 111101 
2   RID.94 14  000 7 0100 
2   RID.95 7  01 7 10 
2   RID.96 12  000 17 0 
2   RID.97 14  011 13 10 
2   RID.98 15  111 9 10000 
2   RID.99 5  11 14 11 
2   RID.100 13  00 9 00010 
2   RID.101 6  0 9 01101 
2   RID.102 10  00000 15 011 
2   RID.103 15  111 4 111 
2   RID.104 10  11011 8 111101 
2   RID.105 14  011 8 100000 
2   RID.106 13  00 10 00100 
2   RID.107 14  0 10 00100 
2   RID.108 8  00000 9 00000 
2   RID.109 17  0 11 0011 
2   RID.110 15  000 7 0 
2   RID.111 8  100010 8 000010 
2   RID.112 7  000 17 0 
2   RID.113 14  000 7 01 
2   RID.114 7  110001 13 10 
2   RID.115 14  011 7 100000 
2   RID.116 19  01 11 1100 
2   RID.117 8  100010 8 000010 
2   RID.118 8  000000 9 000000 
2   RID.119 7  110001 15 100 
2   RID.120 7  000 14 011 
2   RID.121 17  1 7 1 
2   RID.122 7  1 11 1100 
2   RID.123 14  011 7 10 
2   RID.124 11  0000 8 000000 
2   RID.125 11  0100 15 000 
2   RID.126 14  011 11 1000 
