Number of Haplotypes 52
1   RID.0 11 1 
2   RID.1 45  00 46 0 
1   RID.2 8 0000 
2   RID.3 25  1000100 33 001 
2   RID.4 19  10 25 0111111 
2   RID.5 25  0001000 19 01 
2   RID.6 12  011 8 1110 
1   RID.7 45 00 
1   RID.8 38 000 
1   RID.9 8  0000 
2   RID.10 33  100 20 01011 
2   RID.11 46  0 47 11 
1   RID.12 43  1 
2   RID.13 2  001 7 11001 
2   RID.14 26  00000100 25 00000010 
2   RID.15 47  010 45 01 
2   RID.16 8  0000 7 00000 
2   RID.17 7  01001 8 1001 
2   RID.18 43  0 42 1 
2   RID.19 25  1000100 34 01 
2   RID.20 7  00000 8 0000 
2   RID.21 2  110 7 0100 
2   RID.22 45  00 45 0 
2   RID.23 8  1111 7 1 
2   RID.24 7  10110 5 01 
2   RID.25 5  10 8 0001 
1   RID.26 8  0000 
2   RID.27 9  000 7 000 
2   RID.28 45  01 45 11 
1   RID.29 8  1100 
2   RID.30 42  1 38 01 
2   RID.31 29  10000 21 0000 
1   RID.32 6 01 
1   RID.33 41  0 
2   RID.34 42  0 43 1 
2   RID.35 39  100 42 0 
1   RID.36 45 0 
1   RID.37 47 01 
2   RID.38 8  0000 7 0 
2   RID.39 40  00 42 0 
1   RID.40 8 0110 
2   RID.41 12  11 7 10000 
1   RID.42 41  0 
2   RID.43 23  0010 25 00000010 
1   RID.44 44  0 
1   RID.45 42 0 
1   RID.46 8 0000 
2   RID.47 12  11 8 1000 
1   RID.48 45 00 
2   RID.49 26  00100000 21 0111 
1   RID.50 42  1 
1   RID.51 43  0 
2   RID.52 8  0000 17 00 
1   RID.53 46 0 
2   RID.54 20  01111 25 10010000 
2   RID.55 34  10 21 010010 
1   RID.56 7 00000 
2   RID.57 12  01 8 1001 
2   RID.58 8  0110 7 001 
2   RID.59 12  1 8 1111 
1   RID.60 6 10 
2   RID.61 25  0000001 23 1010 
2   RID.62 11  0 7 0 
2   RID.63 8  0000 6 00 
2   RID.64 12  01 7 1 
1   RID.65 46 1 
2   RID.66 19  0011 21 100010 
1   RID.67 45  0 
1   RID.68 23 0111 
2   RID.69 42  0 41 1 
2   RID.70 19  10 24 01110 
1   RID.71 45  0 
2   RID.72 15  0010 8 0000 
1   RID.73 41 0 
2   RID.74 43  1 42 0 
2   RID.75 12  01101 7 10000 
2   RID.76 33  100 20 01011 
2   RID.77 7  010 13 0101 
1   RID.78 25  00000010 
2   RID.79 7  00000 12 011 
2   RID.80 7  00000 4 01 
1   RID.81 4  01 
2   RID.82 25  1000100 21 000010 
2   RID.83 7  00000 4 01 
1   RID.84 43 1 
2   RID.85 7  0 8 1000 
2   RID.86 4  010 7 00000 
2   RID.87 1  1 8 0110 
1   RID.88 45  1 
2   RID.89 33  000 24 0101 
1   RID.90 45 1 
1   RID.91 44 1 
2   RID.92 23  1111 33 100 
1   RID.93 43 0 
2   RID.94 26  0010000 33 000 
1   RID.95 6  0 
2   RID.96 8  1111 7 1 
2   RID.97 47  0 46 1 
1   RID.98 46  1 
2   RID.99 7  01 8 1001 
1   RID.100 43  0 
1   RID.101 45  0 
1   RID.102 46  0 
2   RID.103 8  1001 4 10 
2   RID.104 42  0 41 0 
1   RID.105 19 00 
1   RID.106 45  01 
2   RID.107 8  1001 17 10 
2   RID.108 8  0000 8 0000 
2   RID.109 47  0 45 00 
2   RID.110 7  0 8 0001 
1   RID.111 42  0 
2   RID.112 8  1001 12 11 
2   RID.113 19  001 25 101111 
2   RID.114 34  00 25 00010000 
1   RID.115 42  0 
1   RID.116 46 0 
2   RID.117 8  0000 12 00 
2   RID.118 42  1 40 00 
1   RID.119 7 01011 
2   RID.120 42  1 41 1 
2   RID.121 46  1 45 11 
2   RID.122 7  01001 8 1001 
2   RID.123 45  0 46 1 
1   RID.124 25  0001000 
1   RID.125 25  00000010 
2   RID.126 6  0 8 0000 
1   RID.127 46  0 
2   RID.128 7  0100 4 00 
1   RID.129 8  1001 
2   RID.130 25  10001000 20 00000 
1   RID.131 21  010010 
1   RID.132 45  10 
1   RID.133 47  01 
2   RID.134 23  0010 25 0001111 
1   RID.135 45  0 
2   RID.136 13  1101 6 10 
1   RID.137 47 0 
2   RID.138 4  01 8 1000 
1   RID.139 42  1 
2   RID.140 11  0 5 00 
2   RID.141 34  00 17 00 
2   RID.142 25  10001000 30 00000 
1   RID.143 46 0 
2   RID.144 46  0 45 00 
1   RID.145 38  0001 
2   RID.146 8  1111 8 1000 
2   RID.147 37  0 25 00000010 
2   RID.148 15  1000 7 01001 
2   RID.149 7  0 8 1010 
2   RID.150 42  0 38 0000 
2   RID.151 7  1 7 00110 
2   RID.152 33  001 20 1000 
2   RID.153 25  00010000 33 000 
1   RID.154 41  0 
1   RID.155 40 00 
1   RID.156 2 011 
1   RID.157 8  0000 
1   RID.158 8  0110 
2   RID.159 7  00000 12 01 
1   RID.160 42  0 
2   RID.161 12  0 7 1011 
2   RID.162 12  011 8 1001 
2   RID.163 7  1 2 111 
1   RID.164 25 10010000 
1   RID.165 44 0 
1   RID.166 41 0 
2   RID.167 19  001 25 10010000 
2   RID.168 26  00010000 21 00001 
2   RID.169 26  00010000 32 000 
2   RID.170 21  010010 35 0 
2   RID.171 4  01 14 100 
1   RID.172 45 0 
1   RID.173 7  00000 
2   RID.174 4  01 11 1 
1   RID.175 46  0 
2   RID.176 43  0 42 1 
2   RID.177 46  0 47 11 
2   RID.178 37  0 25 1000001 
2   RID.179 7  000 10 00 
1   RID.180 42 0 
2   RID.181 47  01 47 11 
1   RID.182 42 1 
1   RID.183 8  0000 
2   RID.184 46  1 45 01 
2   RID.185 42  0 42 1 
2   RID.186 25  0001000 19 0 
1   RID.187 42  0 
2   RID.188 8  1001 10 11 
2   RID.189 25  00010000 27 0100000 
1   RID.190 42  1 
2   RID.191 7  0 8 0000 
2   RID.192 33  001 25 1000100 
2   RID.193 42  0 38 000 
1   RID.194 42  0 
1   RID.195 43  0 
2   RID.196 42  1 40 00 
2   RID.197 19  0 25 00000010 
2   RID.198 7  1011 11 1 
2   RID.199 33  010 25 00000010 
1   RID.200 6 01 
2   RID.201 42  0 42 1 
2   RID.202 43  0 42 1 
2   RID.203 21  00001 26 10010000 
1   RID.204 42  0 
2   RID.205 8  0000 13 0101 
2   RID.206 8  1001 12 11101 
2   RID.207 21  1111 24 110111 
1   RID.208 42 1 
2   RID.209 42  1 43 1 
2   RID.210 8  0000 11 0 
2   RID.211 25  1011111 36 1 
2   RID.212 9  110 15 0101 
2   RID.213 32  0010 19 01 
1   RID.214 42  1 
1   RID.215 46  0 
2   RID.216 7  0000 8 0000 
2   RID.217 42  0 42 0 
1   RID.218 42  1 
2   RID.219 8  0110 5 01 
1   RID.220 38 1001 
2   RID.221 8  0000 7 00 
1   RID.222 8 0000 
1   RID.223 45 0 
2   RID.224 41  0 43 0 
2   RID.225 12  01 8 1001 
2   RID.226 19  1 6 10 
1   RID.227 47 0 
2   RID.228 14  101 8 1110 
2   RID.229 7  00000 7 0 
2   RID.230 2  111 12 11 
1   RID.231 7  1 
2   RID.232 22  00010 25 00001000 
2   RID.233 8  1111 4 11 
2   RID.234 7  1 7 1011 
1   RID.235 42 1 
2   RID.236 19  00 27 0010001 
2   RID.237 25  00010000 21 0111 
2   RID.238 8  0000 8 0000 
2   RID.239 42  0 42 0 
2   RID.240 36  0 21 0111 
2   RID.241 25  1011111 27 1100000 
2   RID.242 25  1000100 27 0010000 
2   RID.243 24  01011 30 1000 
2   RID.244 7  00000 7 0 
2   RID.245 8  0000 6 00 
2   RID.246 24  010111 33 101 
2   RID.247 34  01 25 10111 
1   RID.248 42  0 
1   RID.249 11 1 
2   RID.250 20  1010 25 0000001 
2   RID.251 45  00 46 0 
2   RID.252 7  0 12 01 
2   RID.253 20  01111 25 1111110 
1   RID.254 8  1001 
1   RID.255 27 1100000 
2   RID.256 7  000 4 01 
1   RID.257 24 11011 
1   RID.258 45 10 
1   RID.259 7  00000 
2   RID.260 7  0 12 01 
1   RID.261 11 1 
1   RID.262 42  1 
1   RID.263 46 1 
1   RID.264 46 1 
1   RID.265 40 10 
2   RID.266 26  11011011 25 1111111 
2   RID.267 25  10001000 21 000010 
2   RID.268 8  0000 7 0 
2   RID.269 30  00000 25 00010000 
1   RID.270 43  0 
1   RID.271 4 01 
2   RID.272 7  01 7 11001 
1   RID.273 42 1 
2   RID.274 5  11 7 10110 
2   RID.275 21  1111 25 10010000 
2   RID.276 12  10110 8 0000 
2   RID.277 25  10001000 20 0000 
2   RID.278 10  00 12 0 
2   RID.279 11  0 7 0 
2   RID.280 5  10 12 0 
1   RID.281 37  1 
2   RID.282 19  00 25 0111110 
1   RID.283 47  01 
2   RID.284 8  0110 7 0 
1   RID.285 45 00 
2   RID.286 26  00000100 24 01011 
2   RID.287 7  0 8 1000 
1   RID.288 42  1 
2   RID.289 33  000 25 0011111 
1   RID.290 45 10 
2   RID.291 8  0110 6 0 
2   RID.292 34  01 25 10001000 
1   RID.293 41  0 
2   RID.294 24  01011 17 10 
2   RID.295 2  110 8 0110 
2   RID.296 21  00001 25 10010000 
2   RID.297 4  0 8 0011 
2   RID.298 17  10 24 01011 
2   RID.299 42  0 41 1 
1   RID.300 41  0 
2   RID.301 7  00000 17 00 
2   RID.302 7  00000 8 0000 
2   RID.303 7  0 15 0010 
2   RID.304 20  00000 25 00001000 
2   RID.305 45  01 45 11 
1   RID.306 27  1011011 
2   RID.307 8  0000 11 0 
2   RID.308 47  0 45 00 
1   RID.309 42 0 
1   RID.310 25  0001000 
2   RID.311 33  000 25 0011111 
2   RID.312 8  0010 8 0000 
1   RID.313 45 00 
2   RID.314 12  011 8 1001 
1   RID.315 42  0 
2   RID.316 15  1000 7 01001 
1   RID.317 8 1110 
2   RID.318 5  10 7 00000 
1   RID.319 6 0 
2   RID.320 47  0 44 0 
1   RID.321 43 0 
2   RID.322 34  10 21 010010 
2   RID.323 19  00 29 00000 
2   RID.324 8  0000 12 01101 
2   RID.325 25  1111110 20 01111 
2   RID.326 47  0 45 1 
2   RID.327 6  1 7 10110 
1   RID.328 44 0 
1   RID.329 45 00 
2   RID.330 29  00100 27 0000100 
2   RID.331 33  010 19 01 
1   RID.332 42  0 
2   RID.333 44  0 46 1 
1   RID.334 42 1 
1   RID.335 21 1011 
2   RID.336 2  111 12 1110 
1   RID.337 45 0 
1   RID.338 25 00010000 
2   RID.339 8  0000 8 0000 
2   RID.340 6  00 7 01001 
2   RID.341 46  0 47 1 
1   RID.342 43  1 
2   RID.343 8  1011 6 10 
2   RID.344 5  11 8 1110 
1   RID.345 4  01 
2   RID.346 42  0 40 10 
2   RID.347 26  00010000 19 0 
1   RID.348 43  0 
2   RID.349 7  10110 5 01 
2   RID.350 23  0010 24 0101 
2   RID.351 8  0110 2 010 
2   RID.352 12  101 10 10 
1   RID.353 46 0 
2   RID.354 4  01 8 1000 
2   RID.355 7  101 8 1110 
1   RID.356 47 0 
1   RID.357 19  00000 
2   RID.358 7  01 17 10 
2   RID.359 25  00010000 36 0 
1   RID.360 24  01011 
2   RID.361 23  1111 34 10 
2   RID.362 4  01 12 1 
1   RID.363 43  0 
2   RID.364 46  1 45 11 
1   RID.365 42 1 
1   RID.366 45  01 
1   RID.367 27  0000100 
2   RID.368 6  00 8 0000 
1   RID.369 45 0 
1   RID.370 7 00000 
1   RID.371 43  0 
2   RID.372 5  11 8 1110 
2   RID.373 8  0000 8 0000 
2   RID.374 25  10001000 29 00000 
2   RID.375 8  0110 1 110 
2   RID.376 33  000 26 00100000 
2   RID.377 8  0000 15 0000 
2   RID.378 4  01 7 10000 
2   RID.379 7  01001 4 10 
2   RID.380 47  10 45 00 
2   RID.381 8  0000 12 00110 
2   RID.382 4  11 7 10110 
1   RID.383 42 0 
2   RID.384 8  1001 8 1001 
2   RID.385 24  010 35 0 
2   RID.386 4  01 8 1000 
1   RID.387 10  01 
2   RID.388 25  00010000 29 00000 
1   RID.389 25 00001000 
1   RID.390 8  0000 
2   RID.391 5  11 8 1110 
2   RID.392 7  0 8 0111 
2   RID.393 7  00000 8 0000 
1   RID.394 25 00001000 
2   RID.395 29  00100 27 0000100 
2   RID.396 27  0000100 25 00111 
2   RID.397 8  1001 12 11 
2   RID.398 7  00000 10 00 
2   RID.399 45  01 46 1 
2   RID.400 14  000 27 0011011 
2   RID.401 6  00 12 01 
2   RID.402 8  0110 7 001 
2   RID.403 32  001 21 1100 
2   RID.404 36  0 27 0000100 
1   RID.405 7  00000 
2   RID.406 15  0000 8 0000 
2   RID.407 21  10101 26 10100000 
2   RID.408 20  01111 25 10010000 
2   RID.409 32  0010 19 01 
2   RID.410 12  10 8 0000 
2   RID.411 25  1000100 33 001 
1   RID.412 38 10 
2   RID.413 26  00010000 25 001111 
