Number of Haplotypes 22
2   RID.0 16  0111 5 1100 
2   RID.1 10  10110 15 00 
1   RID.2 15  01 
2   RID.3 10  00010 18 00101 
2   RID.4 14  00 5 0001 
2   RID.5 5  0111111 16 1110 
2   RID.6 15  1 5 0011100 
2   RID.7 3  00 11 0000 
2   RID.8 10  00010 5 000000001 
2   RID.9 19  1101 5 1001000 
2   RID.10 5  001000100 15 01 
2   RID.11 5  111100 15 01 
2   RID.12 10  00010 5 000000001 
2   RID.13 10  00010 18 00101 
2   RID.14 5  1111 15 1 
2   RID.15 5  1111111 15 1 
2   RID.16 5  10010 15 0 
2   RID.17 5  1001000 19 0101 
2   RID.18 15  01 7 11000000 
2   RID.19 7  11110011 7 11100011 
2   RID.20 14  00 3 00 
2   RID.21 5  100100 10 00000 
2   RID.22 5  000000000 15 01 
2   RID.23 14  11 16 11 
2   RID.24 5  100100000 15 00 
2   RID.25 17  00010 12 010 
2   RID.26 14  00 17 00111 
2   RID.27 5  000000100 17 01110 
2   RID.28 14  11 20 111 
2   RID.29 17  00010 9 000010 
2   RID.30 15  11 13 11 
2   RID.31 3  11 15 11 
2   RID.32 11  1001 15 11 
2   RID.33 8  0001001 5 100000100 
2   RID.34 15  11 11 1001 
1   RID.35 13  00 
2   RID.36 5  1111101 15 11 
2   RID.37 15  1 15 10 
2   RID.38 12  010 17 00010 
2   RID.39 5  110110111 16 1110 
2   RID.40 21  01 5 100100000 
2   RID.41 5  000000100 7 00001001 
