37
36
2   RID.0 34  011 15 11111 
2   RID.1 20  11111 10 11111111 
2   RID.2 10  00100110 20 0001000 
2   RID.3 20  11111 23 11010111 
2   RID.4 1  1110111101 20 11011 
2   RID.5 20  0010000100 2 01101111110 
2   RID.6 10  00000001 19 11 
2   RID.7 35  00 1 1101101011 
2   RID.8 20  11101 3 1001000100000 
2   RID.9 16  0100 20 01111 
2   RID.10 20  1001000011 1 1101010000 
2   RID.11 20  00000 10 011111 
2   RID.12 20  11110 24 00101111 
2   RID.13 11  01111101 20 10011 
2   RID.14 13  0000100 20 0100000000 
2   RID.15 20  01111 10 1000000 
2   RID.16 34  000 11 01001100 
2   RID.17 20  100010100 1 1111111010 
2   RID.18 23  11111111 20 11100 
2   RID.19 23  00000110 11 01011101 
2   RID.20 12  00000100 20 0000101000 
2   RID.21 11  00010001 32 10011 
2   RID.22 20  1100000 11 01111100 
2   RID.23 20  10010 1 1111011111 
2   RID.24 15  00011 21 1100001001 
2   RID.25 23  00001001 11 10010001 
2   RID.26 20  11110 24 00101111 
2   RID.27 20  11111 1 0101010000 
2   RID.28 16  1000 20 00010 
2   RID.29 20  10010 11 01001100 
2   RID.30 25  000110111 12 10011000 
2   RID.31 32  00011 11 10010001 
2   RID.32 11  11111110 19 0010 
2   RID.33 20  110000 11 01111111 
2   RID.34 21  1000000000 11 01101011 
2   RID.35 20  10001 1 0000100100 
2   RID.36 23  00000110 10 00010001 
