50
20
2   RID.0 8  0000 17 001 
2   RID.1 8  0000 11 0000 
2   RID.2 6  00000 11 0000 
2   RID.3 11  0000 3 01 
2   RID.4 6  00000 11 000 
2   RID.5 13  00000 11 0000 
2   RID.6 11  000 5 000000 
2   RID.7 8  0000 20 0 
2   RID.8 6  11111 15 11110 
2   RID.9 2  00 11 00001 
2   RID.10 8  0000 17 001 
2   RID.11 12  1001 11 11 
2   RID.12 3  11 14 1000 
2   RID.13 20  0 11 00001 
2   RID.14 17  001 11 100 
2   RID.15 17  001 6 10101 
2   RID.16 3  000 11 0000 
2   RID.17 5  000000 15 0000 
2   RID.18 3  000 11 0000 
2   RID.19 11  0000 5 000000 
2   RID.20 11  000 20 0 
2   RID.21 3  111 13 10000 
2   RID.22 3  000 13 0010 
2   RID.23 8  0000 17 000 
2   RID.24 8  00000 18 01 
2   RID.25 8  0000 12 00000 
2   RID.26 5  011111 11 11001 
2   RID.27 14  0100 5 000000 
2   RID.28 5  000000 11 00001 
2   RID.29 1  01 13 1000 
2   RID.30 11  000 11 0000 
2   RID.31 13  0010 8 0000 
2   RID.32 1  10 11 00001 
2   RID.33 5  100000 20 0 
2   RID.34 20  1 11 000 
2   RID.35 12  11111 5 111111 
2   RID.36 11  00 5 000000 
2   RID.37 20  1 5 000000 
2   RID.38 7  00000 12 00000 
2   RID.39 2  000 10 000 
2   RID.40 11  00000 5 000000 
2   RID.41 11  11001 5 111111 
1   RID.42 12 1000 
2   RID.43 12  0000 11 00 
2   RID.44 18  01 8 1000 
2   RID.45 3  110 14 0000 
2   RID.46 11  0000 3 01 
2   RID.47 3  11 11 1000 
2   RID.48 11  00000 3 01 
2   RID.49 13  00000 7 00000 
